15000
15006
15006
15018
15020
15025
15026
15057
15074
15077
15083
15083
15084
15084
15087
15092
15093
15097
15103
15109
15110
15117
15126
15127
15132
15137
15154
15163
15172
15181
15189
15190
15193
15194
15198
15220
15234
15237
15246
15256
15258
15285
15287
15300
15307
15314
15317
15319
15325
15332
15335
15342
15347
15357
15360
15375
15377
15377
15385
15387
15393
15393
15397
15406
15419
15426
15436
15447
15447
15450
15451
15451
15464
15464
15471
15480
15490
15502
15504
15507
15511
15513
15514
15524
15534
15538
15541
15548
15552
15558
15595
15600
15607
15609
15613
15613
15614
15617
15620
15624
15629
15643
15648
15653
15653
15662
15671
15676
15677
15683
15687
15698
15702
15718
15740
15744
15746
15751
15764
15765
15776
15819
15822
15843
15843
15845
15845
15845
15862
15863
15870
15878
15880
15881
15898
15903
15903
15907
15914
15919
15935
15945
15948
15961
15962
15970
15972
15996
16005
16016
16039
16042
16059
16066
16067
16106
16107
16118
16122
16125
16135
16141
16145
16149
16151
16160
16164
16169
16184
16186
16192
16195
16197
16209
16243
16251
16252
16259
16267
16268
16281
16288
16292
16293
16305
16307
16319
16322
16335
16335
16343
16348
16372
16377
16381
16392
16392
16394
16400
16426
16428
16431
16436
16448
16464
16469
16480
16485
16488
16522
16525
16532
16550
16560
16561
16561
16581
16588
16591
16593
16597
16599
16616
16620
16634
16634
16638
16639
16650
16654
16654
16655
16659
16663
16675
16677
16679
16694
16699
16708
16709
16715
16718
16732
16735
16737
16749
16771
16788
16800
16804
16827
16829
16829
16835
16840
16855
16858
16870
16875
16876
16878
16900
16917
16923
16928
16930
16943
16946
16946
16952
16970
16971
16976
16990
17000
17009
17014
17015
17028
17030
17033
17046
17050
17053
17078
17078
17079
17083
17085
17088
17089
17095
17104
17111
17111
17113
17140
17140
17157
17160
17161
17162
17165
17165
17167
17179
17182
17184
17191
17193
17198
17204
17210
17211
17226
17241
17242
17246
17253
17259
17278
17281
17287
17290
17292
17314
17331
17341
17346
17347
17352
17363
17375
17378
17378
17378
17403
17414
17421
17432
17440
17441
17449
17464
17466
17467
17475
17486
17487
17495
17523
17528
17531
17532
17537
17539
17551
17558
17560
17568
17576
17581
17592
17592
17594
17597
17600
17603
17607
17615
17620
17625
17634
17636
17647
17648
17661
17670
17671
17684
17686
17695
17696
17708
17727
17733
17739
17748
17764
17764
17772
17774
17781
17787
17791
17796
17800
17824
17826
17832
17836
17839
17847
17847
17855
17856
17870
17890
17897
17898
17900
17911
17922
17926
17939
17944
17945
17947
17955
17965
17971
17977
17990
17999
18016
18021
18032
18032
18037
18054
18054
18058
18070
18089
18090
18094
18101
18104
18106
18112
18134
18137
18154
18158
18162
18183
18184
18204
18226
18232
18236
18243
18247
18247
18286
18294
18299
18307
18313
18314
18318
18327
18339
18339
18340
18343
18359
18370
18378
18393
18403
18405
18406
18413
18415
18417
18418
18423
18427
18427
18429
18429
18441
18451
18468
18469
18474
18475
18484
18486
18486
18489
18492
18492
18492
18501
18505
18505
18516
18518
18529
18530
18543
18544
18546
18553
18577
18577
18586
18606
18607
18633
18637
18639
18654
18659
18664
18683
18695
18699
18700
18700
18701
18719
18724
18736
18746
18752
18758
18765
18768
18769
18772
18777
18786
18790
18795
18795
18800
18807
18811
18815
18818
18823
18840
18843
18850
18852
18877
18884
18891
18899
18900
18905
18912
18913
18930
18937
18939
18939
18940
18951
18960
18967
18981
18985
18995
19002
19007
19008
19011
19015
19022
19022
19031
19031
19033
19041
19042
19055
19063
19072
19074
19076
19077
19078
19084
19086
19091
19119
19120
19124
19133
19134
19137
19146
19155
19158
19165
19167
19179
19182
19187
19193
19193
19194
19196
19200
19201
19206
19215
19223
19227
19232
19233
19233
19253
19253
19269
19288
19299
19302
19307
19311
19313
19315
19325
19327
19330
19334
19344
19349
19357
19360
19370
19374
19387
19394
19395
19406
19409
19422
19453
19455
19455
19474
19480
19489
19495
19535
19542
19562
19565
19565
19570
19597
19598
19602
19603
19604
19610
19611
19611
19613
19623
19642
19644
19653
19656
19670
19672
19685
19694
19699
19702
19704
19704
19715
19715
19717
19719
19729
19737
19753
19753
19756
19758
19775
19782
19792
19793
19812
19816
19819
19821
19823
19832
19839
19847
19859
19871
19900
19901
19901
19909
19910
19918
19922
19924
19928
19940
19943
19946
19947
19962
19982
19987
19995
19997
20007
20044
20062
20072
20079
20092
20094
20102
20108
20129
20133
20144
20148
20149
20152
20166
20186
20196
20207
20208
20215
20222
20226
20240
20256
20258
20259
20266
20272
20282
20283
20285
20288
20293
20294
20295
20295
20322
20327
20332
20335
20344
20351
20366
20371
20372
20372
20379
20381
20392
20398
20398
20416
20423
20441
20443
20443
20460
20460
20479
20480
20521
20523
20540
20556
20556
20559
20562
20587
20588
20592
20597
20603
20627
20630
20630
20640
20661
20662
20668
20685
20692
20696
20700
20731
20736
20754
20755
20767
20783
20786
20789
20790
20790
20798
20798
20806
20807
20819
20824
20827
20830
20838
20860
20868
20869
20879
20880
20881
20890
20898
20912
20918
20925
20967
20980
20980
20981
20989
20989
21000
21001
21008
21010
21011
21024
21024
21029
21036
21041
21042
21047
21048
21048
21050
21052
21057
21064
21068
21076
21095
21107
21110
21111
21113
21123
21133
21136
21151
21173
21184
21190
21196
21200
21204
21209
21211
21215
21220
21226
21232
21233
21237
21238
21250
21254
21258
21260
21263
21277
21280
21291
21295
21296
21298
21312
21313
21329
21331
21331
21332
21335
21337
21339
21341
21347
21356
21358
21372
21376
21379
21385
21390
21391
21403
21421
21429
21438
21440
21462
21469
21502
21504
21504
21506
21506
21507
21508
21532
21532
21533
21533
21534
21535
21562
21573
21577
21585
21585
21598
21606
21608
21615
21621
21630
21632
21645
21654
21660
21673
21676
21686
21687
21694
21704
21706
21716
21718
21722
21768
21783
21783
21796
21803
21806
21812
21839
21856
21860
21867
21875
21883
21885
21908
21918
21926
21927
21927
21927
21935
21939
21939
21951
21964
21975
21976
21979
21980
21980
21983
22030
22033
22035
22036
22041
22047
22051
22063
22078
22080
22085
22087
22098
22105
22105
22115
22124
22125
22143
22145
22147
22150
22151
22181
22183
22188
22194
22207
22216
22221
22226
22235
22240
22245
22272
22284
22287
22287
22288
22298
22299
22309
22314
22318
22322
22342
22344
22355
22358
22363
22372
22378
22399
22401
22414
22434
22443
22445
22463
22473
22477
22484
22498
22522
22525
22528
22532
22553
22553
22555
22559
22559
22561
22562
22565
22572
22582
22584
22594
22595
22595
22613
22614
22632
22634
22644
22649
22652
22652
22668
22676
22677
22679
22698
22700
22714
22720
22725
22734
22738
22785
22785
22797
22804
22809
22816
22822
22825
22825
22833
22835
22838
22839
22844
22860
22869
22882
22887
22889
22889
22890
22891
22893
22900
22929
22934
22939
22942
22949
22963
22977
22984
22994
22999
23002
23008
23016
23022
23032
23034
23035
23039
23044
23055
23063
23063
23067
23068
23079
23082
23088
23097
23099
23105
23117
23125
23127
23144
23146
23149
23152
23158
23164
23182
23206
23227
23242
23243
23243
23258
23259
23266
23270
23271
23278
23281
23322
23325
23329
23330
23330
23344
23352
23364
23378
23380
23386
23389
23394
23399
23403
23409
23421
23422
23430
23449
23457
23462
23466
23466
23468
23482
23488
23499
23512
23514
23516
23517
23538
23557
23558
23565
23573
23600
23603
23612
23630
23632
23638
23643
23645
23646
23646
23654
23659
23663
23672
23684
23685
23690
23737
23737
23738
23750
23769
23791
23799
23803
23812
23819
23820
23835
23837
23842
23866
23868
23876
23885
23890
23900
23901
23901
23906
23906
23919
23923
23929
23939
23945
23953
23960
23977
23998
24001
24007
24014
24014
24025
24032
24050
24055
24056
24064
24064
24073
24074
24077
24078
24087
24105
24110
24118
24121
24133
24136
24146
24161
24162
24162
24174
24183
24189
24198
24216
24223
24229
24238
24248
24279
24282
24285
24296
24297
24311
24317
24326
24329
24334
24338
24339
24342
24348
24359
24380
24417
24418
24431
24436
24438
24438
24439
24441
24462
24474
24477
24485
24490
24495
24496
24505
24517
24518
24524
24528
24544
24556
24567
24567
24574
24582
24584
24585
24587
24602
24605
24610
24612
24619
24627
24634
24637
24637
24661
24668
24668
24673
24675
24687
24689
24697
24703
24704
24713
24713
24717
24737
24739
24745
24760
24765
24772
24772
24775
24804
24805
24816
24834
24841
24847
24850
24856
24857
24866
24870
24873
24878
24880
24880
24885
24898
24908
24908
24910
24923
24924
24931
24940
24950
24968
24985
24994
24998
24999
25003
25008
25011
25012
25019
25019
25039
25046
25047
25061
25063
25077
25083
25087
25100
25101
25118
25124
25125
25127
25129
25131
25132
25144
25146
25147
25149
25151
25155
25160
25184
25188
25200
25202
25226
25226
25229
25232
25244
25256
25271
25302
25328
25328
25331
25332
25332
25349
25368
25370
25373
25380
25381
25386
25394
25396
25396
25399
25406
25412
25420
25428
25429
25432
25440
25446
25453
25457
25458
25472
25478
25480
25480
25484
25494
25495
25505
25506
25511
25516
25528
25539
25541
25541
25576
25579
25579
25593
25600
25614
25618
25622
25623
25640
25652
25658
25659
25670
25675
25678
25680
25686
25693
25693
25694
25704
25705
25706
25717
25732
25744
25758
25763
25784
25800
25816
25818
25823
25831
25835
25843
25862
25862
25864
25869
25880
25903
25908
25910
25914
25933
25937
25947
25961
25963
25973
25978
25986
25987
25991
25994
26006
26018
26022
26028
26031
26033
26045
26050
26051
26053
26065
26075
26082
26085
26097
26098
26098
26104
26117
26118
26120
26128
26134
26134
26134
26141
26143
26144
26169
26176
26180
26180
26180
26191
26196
26203
26207
26215
26217
26217
26220
26223
26226
26229
26230
26264
26270
26274
26277
26283
26284
26286
26289
26289
26291
26302
26310
26311
26352
26357
26368
26373
26377
26378
26380
26388
26389
26409
26410
26413
26422
26424
26427
26429
26437
26447
26448
26450
26461
26467
26470
26496
26498
26504
26508
26520
26525
26530
26546
26548
26550
26553
26561
26567
26568
26572
26572
26574
26578
26581
26581
26587
26587
26589
26605
26605
26608
26615
26622
26628
26639
26652
26662
26664
26665
26669
26676
26691
26694
26698
26701
26703
26705
26707
26709
26719
26759
26760
26777
26789
26791
26798
26814
26816
26820
26823
26834
26841
26845
26851
26879
26882
26891
26906
26909
26915
26921
26923
26927
26931
26951
26953
26956
26968
26969
26978
26979
26985
26986
26990
27009
27010
27024
27025
27028
27032
27037
27045
27059
27061
27093
27102
27103
27106
27111
27116
27117
27133
27139
27142
27162
27170
27170
27178
27181
27202
27205
27210
27210
27219
27233
27246
27250
27250
27252
27268
27273
27274
27280
27280
27288
27294
27295
27297
27309
27322
27328
27331
27354
27357
27361
27364
27365
27374
27379
27388
27393
27395
27395
27413
27414
27418
27420
27420
27421
27422
27423
27433
27435
27437
27443
27444
27471
27472
27477
27490
27499
27500
27509
27523
27525
27544
27551
27553
27555
27566
27574
27585
27593
27597
27597
27602
27612
27616
27616
27623
27629
27631
27637
27643
27644
27648
27660
27679
27680
27683
27689
27699
27702
27709
27711
27717
27721
27738
27752
27752
27772
27773
27776
27783
27798
27800
27807
27814
27848
27869
27878
27879
27886
27893
27908
27909
27925
27932
27933
27934
27934
27937
27941
27942
27952
27958
27967
27991
28004
28006
28007
28028
28038
28043
28043
28054
28058
28074
28083
28083
28105
28108
28126
28133
28133
28138
28150
28151
28159
28168
28172
28188
28189
28192
28200
28200
28218
28220
28221
28226
28228
28249
28249
28250
28256
28257
28257
28264
28275
28276
28281
28285
28285
28298
28309
28312
28317
28319
28324
28329
28329
28334
28335
28354
28368
28369
28381
28385
28391
28405
28417
28421
28424
28427
28431
28433
28442
28450
28458
28459
28460
28462
28468
28472
28477
28481
28482
28483
28490
28494
28495
28506
28518
28527
28529
28538
28542
28543
28546
28551
28553
28559
28571
28576
28577
28585
28587
28587
28588
28601
28608
28610
28611
28621
28627
28632
28645
28649
28651
28653
28657
28683
28687
28705
28706
28709
28712
28713
28715
28716
28723
28728
28734
28734
28735
28736
28745
28759
28768
28773
28781
28787
28789
28798
28807
28808
28811
28819
28826
28827
28828
28836
28836
28844
28846
28858
28866
28883
28892
28906
28907
28934
28946
28949
28955
28965
28969
28975
28979
28981
28989
28992
28996
29002
29002
29005
29006
29009
29013
29024
29026
29031
29037
29045
29065
29065
29066
29073
29078
29088
29091
29092
29098
29103
29108
29126
29133
29164
29166
29169
29171
29181
29186
29192
29201
29210
29224
29229
29237
29245
29246
29247
29251
29256
29275
29279
29292
29306
29307
29313
29314
29336
29353
29356
29363
29374
29376
29376
29380
29392
29393
29395
29413
29416
29418
29420
29433
29441
29451
29464
29473
29477
29482
29494
29495
29513
29532
29535
29539
29558
29565
29579
29588
29596
29599
29610
29628
29635
29642
29648
29653
29658
29686
29689
29707
29708
29716
29716
29724
29746
29749
29755
29756
29761
29765
29768
29769
29779
29796
29810
29828
29839
29854
29857
29861
29864
29873
29879
29890
29893
29893
29914
29918
29921
29928
29949
29952
29953
29980
29991
30002
30017
30024
30035
30041
30044
30054
30071
30079
30094
30112
30121
30124
30127
30136
30138
30146
30162
30167
30174
30174
30181
30183
30183
30187
30192
30205
30210
30210
30222
30225
30227
30229
30239
30242
30242
30258
30260
30265
30268
30274
30275
30279
30280
30290
30303
30306
30307
30308
30309
30310
30317
30331
30332
30356
30357
30361
30368
30370
30376
30386
30386
30392
30413
30413
30417
30455
30465
30472
30474
30478
30479
30497
30501
30506
30512
30548
30549
30549
30575
30581
30582
30593
30599
30600
30602
30617
30618
30632
30633
30639
30643
30647
30651
30660
30665
30668
30677
30677
30680
30690
30692
30698
30699
30702
30702
30708
30708
30710
30726
30740
30749
30760
30767
30771
30774
30783
30794
30798
30803
30806
30815
30817
30823
30824
30831
30832
30842
30844
30855
30856
30861
30876
30880
30883
30924
30925
30928
30929
30929
30931
30931
30941
30950
30953
30957
30964
30968
30970
30988
30999
31006
31022
31029
31042
31044
31054
31054
31055
31063
31081
31081
31102
31103
31119
31126
31137
31143
31164
31164
31165
31174
31178
31192
31194
31200
31201
31202
31211
31215
31221
31230
31235
31235
31236
31239
31246
31256
31258
31277
31281
31290
31292
31300
31300
31307
31315
31319
31324
31333
31343
31343
31348
31364
31365
31367
31374
31376
31378
31388
31401
31411
31412
31417
31424
31425
31454
31455
31456
31468
31473
31474
31477
31479
31480
31480
31486
31488
31491
31494
31497
31502
31508
31513
31515
31518
31523
31524
31525
31531
31537
31543
31544
31545
31546
31546
31550
31563
31564
31565
31566
31570
31571
31572
31576
31585
31586
31594
31612
31619
31640
31642
31659
31670
31673
31691
31696
31712
31714
31718
31733
31744
31762
31766
31769
31769
31780
31782
31787
31788
31796
31796
31801
31820
31835
31835
31838
31851
31851
31853
31855
31866
31873
31879
31888
31890
31893
31894
31899
31900
31905
31911
31914
31916
31916
31918
31928
31955
31969
31970
31974
31975
31986
31988
31992
32010
32012
32013
32020
32030
32039
32039
32050
32058
32072
32088
32099
32105
32116
32144
32144
32145
32155
32174
32181
32193
32196
32199
32202
32203
32211
32224
32234
32243
32254
32273
32319
32329
32331
32332
32346
32349
32353
32359
32362
32381
32383
32384
32392
32399
32420
32457
32459
32466
32478
32479
32481
32502
32509
32520
32523
32549
32550
32561
32571
32576
32577
32581
32614
32620
32621
32625
32630
32636
32668
32670
32678
32680
32688
32702
32708
32710
32717
32724
32726
32729
32742
32747
32749
32757
32775
32776
32782
32783
32788
32798
32809
32825
32826
32829
32841
32846
32847
32874
32877
32883
32885
32891
32893
32919
32921
32930
32931
32942
32950
32950
32951
32953
32957
32959
32974
32977
32979
32999
33005
33005
33011
33020
33022
33024
33032
33039
33044
33049
33055
33063
33085
33087
33093
33100
33106
33107
33107
33108
33114
33130
33131
33150
33163
33167
33178
33203
33207
33209
33209
33218
33221
33222
33228
33230
33232
33255
33257
33261
33261
33267
33271
33277
33283
33284
33287
33292
33292
33298
33302
33304
33305
33318
33321
33323
33324
33324
33334
33352
33358
33386
33389
33392
33397
33399
33401
33404
33406
33407
33408
33408
33427
33432
33443
33451
33455
33455
33458
33468
33475
33485
33507
33518
33521
33522
33532
33539
33542
33542
33543
33543
33547
33547
33548
33551
33556
33562
33581
33587
33589
33598
33602
33613
33613
33630
33656
33667
33677
33681
33697
33697
33701
33712
33716
33732
33739
33743
33744
33748
33754
33755
33768
33777
33789
33800
33802
33837
33841
33845
33854
33855
33860
33862
33863
33863
33871
33871
33873
33875
33882
33886
33892
33913
33918
33927
33934
33938
33940
33941
33946
33946
33949
33953
33965
33973
33985
33996
34000
34004
34005
34007
34043
34046
34067
34083
34096
34107
34109
34133
34157
34162
34170
34178
34196
34216
34222
34224
34228
34230
34234
34242
34250
34252
34256
34265
34273
34275
34280
34286
34293
34298
34298
34327
34335
34377
34377
34378
34397
34401
34406
34406
34408
34420
34441
34458
34463
34464
34466
34467
34470
34488
34488
34492
34497
34501
34517
34524
34530
34538
34539
34540
34543
34556
34556
34563
34570
34575
34578
34587
34601
34627
34629
34631
34632
34640
34650
34660
34668
34674
34676
34677
34679
34696
34701
34703
34717
34733
34745
34749
34761
34763
34767
34768
34787
34787
34805
34809
34826
34829
34830
34833
34837
34844
34844
34844
34861
34871
34871
34877
34885
34888
34899
34932
34946
34976
34976
34977
34980
34982
34987
34991
34994
35005
35011
35012
35025
35028
35036
35037
35059
35059
35069
35076
35080
35083
35085
35088
35089
35090
35098
35100
35107
35108
35108
35109
35113
35117
35122
35142
35150
35168
35169
35170
35176
35183
35184
35196
35197
35202
35205
35210
35214
35221
35221
35237
35238
35240
35250
35250
35273
35276
35281
35288
35293
35297
35304
35311
35312
35323
35331
35333
35345
35353
35353
35358
35358
35363
35369
35371
35399
35399
35400
35400
35402
35408
35422
35422
35423
35429
35434
35438
35441
35456
35471
35473
35479
35482
35482
35488
35495
35495
35496
35497
35509
35520
35534
35549
35557
35557
35563
35564
35568
35572
35574
35577
35579
35587
35588
35592
35593
35595
35596
35596
35607
35609
35629
35635
35638
35644
35647
35653
35675
35681
35682
35693
35697
35727
35732
35732
35753
35757
35759
35761
35768
35781
35787
35792
35794
35806
35808
35813
35817
35827
35836
35837
35855
35858
35860
35890
35895
35895
35901
35911
35932
35950
35955
35959
35967
35973
35978
35978
35990
35993
35993
36001
36002
36012
36015
36020
36021
36029
36035
36035
36040
36052
36054
36058
36059
36067
36073
36074
36076
36081
36090
36095
36096
36101
36107
36116
36140
36144
36145
36146
36149
36159
36166
36178
36181
36185
36188
36189
36197
36203
36208
36208
36215
36219
36229
36229
36238
36238
36240
36250
36250
36257
36264
36265
36276
36278
36283
36284
36285
36286
36291
36298
36302
36302
36311
36314
36317
36323
36344
36346
36347
36348
36350
36356
36357
36365
36380
36387
36394
36416
36417
36426
36428
36435
36441
36457
36458
36470
36486
36493
36512
36515
36516
36521
36551
36551
36554
36564
36569
36569
36572
36573
36574
36578
36581
36585
36586
36587
36587
36589
36596
36596
36606
36607
36607
36639
36650
36674
36677
36684
36700
36704
36710
36714
36716
36727
36749
36750
36787
36796
36796
36802
36811
36824
36835
36846
36854
36861
36882
36886
36887
36897
36902
36902
36907
36951
36965
36965
36977
36981
36988
36992
37001
37024
37029
37043
37054
37073
37091
37096
37107
37113
37120
37132
37135
37137
37138
37139
37142
37143
37146
37148
37158
37185
37187
37200
37207
37220
37226
37257
37274
37278
37282
37290
37295
37301
37304
37304
37306
37313
37333
37336
37338
37342
37345
37364
37371
37379
37381
37394
37409
37414
37422
37422
37443
37452
37454
37455
37459
37474
37474
37479
37491
37494
37496
37500
37502
37502
37510
37520
37521
37523
37524
37525
37527
37534
37545
37553
37559
37566
37571
37582
37590
37608
37618
37627
37627
37628
37637
37642
37644
37649
37654
37656
37661
37668
37669
37672
37672
37677
37686
37698
37709
37710
37713
37726
37730
37736
37736
37747
37747
37748
37753
37762
37763
37780
37788
37791
37797
37801
37823
37826
37833
37833
37837
37843
37845
37855
37859
37873
37878
37933
37938
37938
37946
37966
37968
37980
37981
37985
37987
38001
38008
38015
38024
38036
38040
38041
38060
38068
38073
38076
38078
38083
38096
38115
38118
38118
38122
38125
38128
38131
38137
38142
38142
38146
38148
38154
38159
38163
38165
38167
38172
38176
38201
38210
38222
38225
38230
38234
38249
38262
38263
38268
38299
38317
38320
38323
38351
38353
38353
38356
38360
38364
38378
38385
38388
38391
38398
38402
38411
38412
38418
38433
38442
38446
38458
38476
38486
38489
38492
38498
38521
38523
38525
38531
38543
38551
38553
38571
38579
38586
38588
38594
38600
38611
38614
38625
38627
38633
38640
38643
38644
38644
38662
38663
38676
38677
38678
38684
38685
38690
38700
38706
38725
38733
38734
38740
38750
38750
38755
38762
38775
38778
38790
38807
38807
38809
38812
38817
38817
38826
38830
38831
38832
38836
38836
38842
38845
38863
38864
38865
38870
38890
38902
38904
38905
38916
38919
38921
38923
38925
38932
38970
38971
38972
38973
38978
38989
38996
38997
39001
39002
39004
39006
39007
39041
39041
39046
39061
39061
39071
39071
39075
39078
39083
39085
39086
39121
39121
39132
39133
39143
39148
39150
39156
39165
39177
39185
39208
39210
39212
39216
39217
39223
39233
39261
39267
39269
39270
39283
39285
39295
39298
39303
39305
39319
39332
39346
39350
39351
39355
39371
39371
39381
39384
39387
39390
39392
39396
39403
39403
39404
39416
39419
39429
39442
39444
39451
39452
39453
39456
39464
39465
39467
39490
39491
39495
39508
39512
39513
39531
39541
39551
39552
39586
39599
39602
39603
39607
39609
39614
39615
39621
39623
39641
39655
39656
39666
39675
39676
39681
39682
39688
39715
39722
39734
39737
39739
39753
39755
39759
39767
39775
39791
39797
39822
39831
39835
39842
39856
39867
39867
39874
39875
39877
39880
39882
39883
39888
39889
39924
39928
39944
39952
39953
39960
39963
39964
39986
39986
39997
40007
40007
40009
40011
40015
40018
40020
40021
40044
40048
40048
40058
40061
40065
40065
40067
40075
40078
40080
40084
40091
40098
40109
40110
40112
40112
40113
40117
40124
40132
40137
40156
40161
40163
40165
40175
40180
40186
40194
40197
40201
40208
40208
40213
40228
40249
40261
40265
40265
40268
40278
40280
40282
40284
40291
40291
40292
40293
40298
40304
40336
40356
40364
40369
40372
40374
40376
40378
40383
40392
40413
40415
40420
40422
40425
40438
40441
40446
40450
40454
40455
40458
40460
40480
40484
40488
40488
40504
40508
40511
40513
40519
40524
40524
40537
40538
40549
40564
40599
40600
40617
40636
40648
40648
40671
40700
40709
40712
40723
40749
40758
40761
40762
40772
40782
40802
40810
40819
40825
40829
40836
40840
40842
40855
40859
40862
40865
40870
40872
40887
40890
40892
40892
40897
40911
40934
40935
40938
40949
40969
40974
40981
40985
40987
40992
40995
41000
41004
41011
41023
41031
41045
41047
41080
41080
41086
41099
41117
41117
41119
41129
41132
41154
41161
41170
41181
41183
41184
41199
41207
41210
41213
41214
41216
41221
41231
41237
41243
41249
41251
41253
41265
41266
41270
41272
41276
41277
41290
41299
41307
41310
41314
41316
41334
41350
41375
41389
41404
41409
41425
41432
41433
41433
41439
41442
41455
41465
41478
41485
41486
41490
41491
41502
41505
41506
41510
41511
41516
41524
41525
41532
41541
41548
41555
41557
41571
41576
41586
41591
41598
41607
41613
41623
41625
41638
41655
41656
41681
41682
41682
41687
41693
41693
41719
41719
41732
41737
41744
41747
41747
41753
41759
41769
41781
41796
41816
41819
41820
41830
41835
41839
41845
41846
41848
41851
41863
41867
41873
41883
41892
41903
41922
41925
41931
41931
41933
41941
41946
41956
41956
41972
41976
41977
41985
41995
42001
42001
42007
42012
42042
42048
42054
42057
42063
42064
42072
42078
42079
42085
42086
42095
42095
42098
42101
42105
42117
42145
42152
42165
42168
42179
42191
42196
42202
42207
42230
42245
42248
42253
42257
42259
42261
42274
42281
42291
42294
42304
42316
42317
42323
42324
42337
42345
42352
42373
42401
42418
42419
42430
42438
42441
42444
42445
42451
42454
42454
42461
42462
42463
42464
42472
42477
42480
42480
42483
42485
42499
42506
42512
42517
42523
42524
42533
42535
42545
42554
42558
42560
42564
42567
42571
42579
42582
42586
42586
42591
42596
42601
42601
42606
42614
42617
42619
42623
42627
42632
42653
42665
42684
42695
42696
42702
42719
42729
42734
42735
42741
42770
42772
42796
42801
42802
42803
42811
42821
42860
42870
42871
42888
42890
42903
42904
42906
42906
42920
42921
42934
42949
42955
42958
42963
42988
42998
42999
43018
43027
43028
43031
43040
43052
43054
43060
43061
43064
43071
43071
43084
43112
43120
43131
43137
43142
43147
43153
43160
43161
43171
43177
43182
43183
43184
43185
43196
43196
43204
43206
43207
43209
43215
43223
43232
43236
43266
43267
43275
43278
43284
43288
43290
43295
43298
43315
43317
43327
43334
43346
43359
43379
43384
43393
43395
43401
43411
43414
43421
43421
43448
43453
43463
43495
43495
43497
43517
43524
43531
43535
43539
43558
43560
43561
43570
43577
43584
43590
43595
43608
43614
43626
43632
43638
43640
43642
43646
43650
43651
43668
43681
43708
43711
43731
43737
43739
43745
43757
43761
43766
43767
43769
43778
43778
43787
43794
43799
43811
43814
43814
43818
43825
43826
43829
43830
43842
43844
43854
43856
43859
43878
43901
43908
43911
43911
43919
43922
43931
43933
43934
43949
43970
43980
44006
44017
44017
44019
44021
44037
44037
44050
44060
44061
44073
44075
44078
44082
44092
44095
44104
44122
44126
44128
44137
44157
44159
44161
44176
44176
44180
44188
44189
44198
44200
44202
44207
44225
44236
44241
44249
44254
44260
44262
44270
44286
44302
44314
44322
44333
44350
44355
44367
44383
44386
44389
44391
44392
44409
44411
44413
44418
44421
44440
44445
44451
44456
44481
44500
44501
44518
44522
44532
44534
44537
44537
44542
44550
44555
44564
44568
44595
44598
44599
44600
44602
44604
44610
44621
44624
44628
44641
44646
44662
44667
44674
44675
44676
44700
44714
44729
44751
44759
44763
44765
44777
44796
44800
44811
44816
44832
44833
44848
44850
44865
44874
44882
44882
44885
44903
44907
44907
44920
44928
44943
44950
44953
44955
44959
44965
44966
44972
44973
44982
44992
44994
44994
45004
45030
45031
45031
45032
45038
45042
45044
45046
45049
45050
45060
45068
45070
45077
45087
45097
45110
45127
45129
45148
45165
45171
45175
45183
45186
45201
45208
45215
45215
45218
45254
45262
45268
45270
45273
45279
45279
45283
45295
45296
45305
45309
45311
45314
45319
45320
45333
45347
45360
45375
45387
45405
45411
45422
45434
45435
45439
45457
45461
45463
45465
45481
45485
45491
45494
45506
45511
45514
45516
45519
45526
45534
45547
45561
45562
45569
45574
45581
45584
45595
45602
45603
45603
45614
45637
45640
45641
45643
45658
45663
45672
45674
45679
45682
45702
45705
45714
45716
45726
45760
45787
45790
45791
45801
45804
45805
45806
45808
45809
45822
45824
45829
45831
45834
45848
45851
45870
45871
45876
45890
45897
45910
45927
45930
45933
45951
45955
45956
45956
45966
45988
45995
46010
46034
46034
46037
46046
46055
46062
46063
46073
46095
46103
46117
46123
46135
46145
46157
46173
46174
46193
46201
46205
46211
46226
46241
46252
46252
46256
46261
46262
46286
46307
46311
46311
46323
46325
46333
46335
46341
46363
46364
46370
46370
46385
46387
46400
46400
46403
46409
46416
46417
46430
46437
46441
46445
46448
46458
46463
46469
46470
46476
46477
46491
46494
46500
46501
46508
46517
46530
46542
46553
46554
46565
46566
46569
46590
46611
46618
46621
46621
46630
46633
46640
46647
46657
46672
46697
46707
46710
46715
46731
46742
46743
46745
46754
46759
46761
46771
46784
46784
46794
46810
46823
46826
46827
46827
46837
46840
46848
46876
46931
46949
46956
46962
46962
46969
46971
46972
46976
46990
46996
47002
47014
47014
47017
47019
47027
47052
47069
47076
47089
47092
47096
47101
47104
47120
47122
47123
47140
47148
47154
47157
47161
47164
47166
47167
47170
47174
47195
47200
47212
47216
47244
47249
47268
47278
47282
47285
47286
47291
47294
47299
47300
47307
47323
47329
47329
47333
47346
47350
47356
47357
47362
47369
47370
47374
47393
47399
47401
47405
47406
47406
47409
47421
47448
47455
47461
47463
47464
47473
47484
47492
47493
47498
47511
47519
47521
47521
47539
47543
47552
47563
47563
47571
47579
47600
47604
47604
47613
47618
47623
47648
47650
47660
47661
47661
47677
47678
47708
47723
47724
47730
47731
47746
47759
47779
47786
47794
47804
47811
47812
47815
47821
47821
47824
47828
47833
47841
47855
47864
47867
47870
47872
47899
47900
47929
47954
47966
47968
47992
47996
47997
48001
48002
48020
48028
48029
48036
48041
48043
48051
48054
48054
48058
48090
48102
48110
48117
48125
48128
48130
48133
48150
48152
48155
48155
48159
48166
48169
48169
48192
48198
48200
48204
48214
48234
48234
48242
48249
48252
48253
48256
48274
48281
48316
48317
48319
48323
48323
48324
48337
48370
48371
48381
48393
48394
48404
48421
48421
48422
48439
48446
48449
48452
48467
48469
48471
48473
48478
48479
48486
48490
48494
48501
48501
48506
48517
48518
48525
48528
48538
48545
48551
48561
48562
48575
48583
48583
48584
48591
48591
48592
48597
48600
48612
48617
48620
48634
48654
48658
48674
48681
48699
48700
48709
48709
48709
48718
48726
48731
48734
48740
48744
48767
48777
48777
48783
48805
48822
48827
48833
48843
48847
48856
48860
48866
48872
48885
48886
48893
48915
48919
48922
48935
48938
48944
48963
48967
48969
48976
48985
48995
49012
49012
49014
49019
49036
49039
49044
49047
49056
49080
49105
49124
49133
49138
49145
49146
49162
49170
49178
49179
49182
49185
49186
49192
49204
49226
49227
49229
49239
49253
49253
49262
49269
49271
49275
49276
49279
49280
49283
49288
49302
49323
49323
49332
49340
49351
49351
49352
49359
49363
49389
49401
49411
49418
49426
49439
49451
49458
49458
49460
49468
49474
49483
49498
49507
49508
49514
49530
49550
49570
49582
49583
49584
49585
49593
49608
49614
49625
49632
49637
49651
49671
49676
49683
49685
49701
49704
49709
49719
49733
49748
49752
49753
49764
49794
49805
49813
49816
49819
49821
49823
49826
49826
49836
49844
49858
49870
49879
49892
49893
49902
49903
49904
49918
49930
49931
49939
49941
49963
49964
49967
49974
49977
49977
49983
49989
50006
50010
50012
50016
50029
50037
50044
50052
50054
50059
50060
50086
50088
50109
50113
50118
50126
50130
50147
50157
50221
50222
50222
50223
50231
50233
50236
50237
50237
50242
50248
50255
50258
50267
50269
50271
50274
50312
50314
50332
50338
50343
50353
50362
50363
50364
50365
50365
50367
50368
50376
50377
50391
50401
50422
50429
50437
50452
50456
50456
50460
50462
50469
50480
50483
50495
50498
50508
50517
50525
50534
50535
50553
50565
50577
50587
50588
50594
50595
50615
50617
50627
50631
50647
50654
50665
50677
50682
50687
50688
50694
50696
50703
50704
50713
50716
50731
50740
50740
50741
50747
50752
50759
50764
50777
50788
50797
50801
50814
50816
50824
50838
50860
50863
50877
50884
50886
50900
50900
50903
50920
50922
50934
50936
50937
50941
50942
50947
50956
50959
50965
50966
50970
50973
50990
51002
51008
51023
51028
51034
51040
51062
51066
51067
51077
51092
51101
51107
51115
51121
51126
51126
51133
51133
51178
51179
51193
51198
51201
51217
51247
51251
51257
51271
51278
51280
51287
51292
51299
51302
51316
51317
51317
51326
51333
51342
51358
51359
51361
51363
51388
51393
51397
51403
51407
51419
51424
51427
51444
51466
51478
51481
51503
51510
51523
51524
51531
51536
51549
51574
51585
51587
51590
51594
51597
51599
51600
51601
51611
51626
51629
51640
51641
51646
51648
51648
51650
51667
51677
51686
51690
51705
51708
51728
51739
51742
51742
51752
51764
51773
51775
51777
51779
51780
51780
51789
51791
51796
51797
51800
51804
51812
51817
51819
51823
51842
51851
51853
51866
51894
51895
51897
51908
51908
51915
51915
51921
51927
51929
51941
51943
51944
51968
51969
51971
51973
51973
51980
51994
51995
52001
52003
52009
52012
52018
52021
52022
52031
52038
52040
52046
52052
52054
52088
52089
52098
52109
52124
52126
52132
52134
52142
52148
52157
52172
52189
52214
52233
52233
52248
52254
52264
52264
52283
52303
52304
52312
52331
52335
52344
52345
52345
52347
52349
52350
52351
52351
52351
52357
52357
52381
52386
52387
52397
52399
52399
52402
52403
52407
52409
52419
52424
52431
52439
52443
52474
52477
52478
52483
52497
52498
52501
52507
52515
52532
52533
52545
52547
52549
52550
52552
52554
52585
52595
52599
52606
52611
52634
52648
52649
52655
52668
52682
52703
52704
52704
52706
52721
52732
52738
52743
52761
52772
52776
52780
52783
52799
52801
52804
52810
52811
52813
52828
52832
52833
52846
52846
52854
52861
52869
52882
52907
52923
52930
52954
52970
52985
52986
52986
52988
52992
52996
53013
53015
53015
53017
53018
53022
53036
53048
53053
53064
53071
53074
53075
53088
53100
53117
53119
53121
53138
53141
53153
53168
53181
53182
53183
53184
53184
53199
53201
53209
53219
53223
53224
53226
53228
53239
53241
53245
53249
53257
53262
53272
53272
53281
53283
53315
53319
53340
53347
53349
53352
53357
53357
53362
53373
53385
53385
53387
53395
53401
53406
53424
53428
53437
53439
53445
53458
53462
53462
53467
53476
53481
53483
53486
53501
53503
53512
53517
53519
53529
53541
53560
53587
53588
53600
53601
53602
53616
53621
53622
53636
53641
53650
53655
53656
53659
53668
53672
53674
53679
53686
53716
53721
53743
53751
53756
53763
53776
53796
53799
53816
53818
53824
53829
53829
53846
53847
53850
53858
53861
53868
53872
53875
53882
53904
53905
53908
53910
53917
53927
53929
53929
53930
53933
53937
53939
53944
53949
53959
53961
53964
53967
53969
53975
53982
53986
54021
54038
54038
54061
54064
54068
54074
54083
54085
54091
54091
54092
54095
54103
54116
54121
54123
54124
54150
54163
54164
54167
54178
54180
54190
54190
54195
54208
54210
54228
54242
54244
54247
54256
54258
54264
54268
54271
54271
54295
54299
54347
54351
54353
54355
54355
54359
54359
54364
54372
54383
54385
54391
54394
54398
54400
54408
54408
54409
54411
54413
54414
54440
54442
54444
54449
54451
54464
54465
54487
54487
54499
54509
54524
54526
54527
54534
54536
54548
54552
54565
54576
54584
54588
54594
54597
54598
54609
54610
54611
54615
54622
54628
54641
54650
54653
54667
54669
54690
54695
54740
54745
54745
54749
54759
54767
54770
54778
54781
54784
54792
54804
54811
54813
54837
54841
54842
54844
54853
54857
54866
54878
54884
54886
54887
54890
54908
54914
54916
54936
54939
54943
54944
54947
54948
54949
54949
54949
54967
54971
54976
54988
54991
54992
55018
55021
55025
55057
55058
55063
55067
55082
55089
55094
55095
55102
55105
55105
55110
55111
55131
55139
55143
55143
55143
55155
55160
55162
55190
55193
55201
55212
55214
55216
55223
55226
55235
55235
55261
55270
55271
55271
55293
55294
55309
55320
55321
55322
55326
55332
55336
55338
55341
55347
55350
55356
55363
55364
55372
55374
55381
55385
55408
55409
55423
55447
55451
55459
55476
55489
55493
55504
55506
55516
55519
55519
55525
55535
55541
55544
55547
55552
55557
55568
55574
55575
55596
55616
55659
55659
55661
55662
55666
55667
55670
55672
55691
55702
55713
55728
55741
55742
55746
55748
55753
55768
55772
55777
55784
55786
55786
55809
55824
55837
55838
55839
55840
55841
55854
55855
55869
55878
55887
55899
55902
55915
55921
55925
55944
55944
55953
55980
55982
55986
55993
56006
56007
56013
56032
56042
56057
56065
56074
56078
56120
56131
56133
56142
56168
56175
56180
56191
56201
56201
56209
56213
56232
56240
56241
56242
56242
56242
56247
56251
56280
56284
56296
56297
56308
56317
56325
56335
56358
56360
56361
56374
56394
56396
56396
56407
56408
56409
56412
56423
56431
56452
56458
56459
56462
56465
56467
56484
56485
56489
56491
56496
56502
56511
56511
56515
56531
56537
56538
56539
56547
56566
56568
56569
56584
56590
56590
56608
56626
56632
56634
56642
56671
56672
56677
56678
56678
56679
56680
56681
56682
56687
56695
56708
56714
56726
56727
56741
56743
56757
56766
56772
56773
56773
56777
56790
56792
56794
56823
56830
56831
56842
56846
56853
56853
56857
56862
56864
56867
56871
56877
56883
56885
56897
56900
56903
56906
56908
56918
56940
56951
56967
56976
56976
56983
56987
56988
56999
57007
57011
57013
57027
57027
57039
57046
57051
57071
57075
57081
57084
57087
57087
57095
57118
57129
57156
57160
57161
57163
57173
57177
57200
57205
57209
57219
57223
57232
57237
57244
57250
57253
57255
57272
57273
57275
57275
57276
57282
57290
57292
57296
57297
57303
57316
57319
57325
57332
57353
57354
57364
57376
57376
57383
57407
57412
57413
57413
57413
57414
57418
57452
57463
57472
57496
57507
57509
57512
57520
57521
57522
57529
57532
57532
57539
57542
57542
57546
57554
57561
57569
57574
57577
57597
57603
57604
57636
57639
57649
57650
57659
57668
57680
57699
57701
57709
57734
57752
57757
57768
57775
57777
57782
57798
57801
57802
57826
57832
57832
57835
57837
57839
57844
57845
57846
57848
57866
57867
57872
57880
57882
57883
57883
57891
57893
57909
57909
57917
57922
57926
57926
57932
57949
57949
57961
57962
57987
57999
58011
58016
58019
58021
58039
58045
58045
58052
58055
58067
58067
58071
58076
58082
58085
58087
58090
58091
58122
58124
58133
58150
58158
58175
58179
58183
58189
58193
58193
58206
58216
58223
58229
58243
58246
58248
58253
58256
58269
58275
58286
58286
58291
58296
58297
58309
58312
58314
58318
58324
58324
58353
58357
58368
58368
58375
58376
58376
58379
58379
58391
58395
58395
58406
58408
58426
58429
58432
58444
58444
58448
58450
58481
58485
58493
58496
58505
58507
58508
58521
58529
58531
58532
58552
58556
58563
58567
58567
58577
58604
58605
58611
58625
58634
58639
58645
58646
58647
58655
58664
58671
58671
58674
58679
58702
58704
58711
58714
58716
58727
58732
58746
58752
58756
58757
58771
58775
58777
58787
58810
58811
58838
58842
58869
58870
58872
58876
58884
58886
58893
58897
58907
58921
58925
58925
58937
58941
58944
58946
58950
58955
58957
58973
58976
58977
58992
58993
58995
58996
59007
59011
59020
59022
59041
59041
59043
59044
59048
59053
59058
59062
59084
59099
59100
59103
59114
59117
59132
59136
59140
59141
59145
59148
59150
59159
59160
59174
59176
59183
59208
59212
59214
59217
59218
59232
59237
59248
59252
59255
59293
59309
59310
59321
59328
59331
59336
59352
59356
59373
59374
59376
59385
59399
59412
59421
59436
59438
59442
59443
59453
59455
59472
59508
59522
59526
59529
59530
59539
59540
59541
59547
59548
59550
59558
59568
59570
59573
59578
59581
59582
59591
59595
59596
59597
59625
59628
59629
59629
59645
59647
59665
59667
59668
59674
59676
59678
59680
59689
59689
59711
59722
59727
59730
59731
59741
59753
59766
59772
59773
59775
59791
59800
59803
59805
59822
59823
59830
59838
59841
59845
59856
59858
59859
59871
59884
59910
59916
59939
59967
59976
59977
59982
59984
59994
59994
60016
60017
60029
60029
60047
60060
60070
60070
60072
60077
60085
60086
60086
60100
60109
60113
60117
60129
60143
60149
60151
60154
60161
60164
60172
60172
60173
60183
60188
60190
60190
60192
60193
60198
60200
60223
60226
60228
60228
60242
60254
60259
60290
60314
60325
60342
60354
60355
60360
60363
60373
60374
60385
60394
60406
60409
60413
60415
60416
60424
60437
60439
60450
60460
60472
60477
60483
60504
60504
60507
60538
60569
60578
60597
60599
60625
60627
60627
60629
60652
60672
60677
60683
60688
60707
60708
60711
60720
60730
60738
60756
60756
60760
60768
60786
60786
60789
60792
60799
60800
60812
60814
60817
60818
60829
60856
60866
60866
60867
60870
60876
60883
60902
60905
60907
60908
60914
60921
60924
60927
60936
60939
60941
60956
60963
60966
60968
60970
60972
60984
60992
60995
60999
61001
61017
61017
61018
61026
61037
61045
61049
61082
61083
61093
61103
61107
61111
61117
61120
61126
61129
61137
61143
61143
61146
61149
61149
61155
61184
61188
61194
61204
61212
61232
61236
61252
61259
61264
61267
61272
61272
61295
61305
61322
61345
61350
61350
61351
61351
61353
61358
61360
61392
61392
61393
61399
61401
61404
61414
61415
61415
61417
61428
61432
61441
61450
61467
61467
61489
61490
61499
61501
61525
61529
61533
61536
61545
61553
61567
61585
61588
61592
61605
61635
61640
61655
61659
61660
61664
61665
61669
61673
61679
61703
61709
61709
61710
61726
61728
61752
61752
61764
61772
61777
61784
61787
61796
61806
61813
61814
61843
61845
61854
61855
61862
61866
61867
61872
61875
61880
61895
61899
61905
61908
61909
61919
61942
61960
61966
61992
61996
61997
62012
62019
62021
62021
62022
62023
62026
62029
62031
62035
62036
62037
62046
62070
62071
62080
62080
62088
62093
62101
62102
62111
62118
62130
62131
62131
62132
62138
62153
62162
62170
62212
62221
62228
62229
62243
62250
62252
62255
62255
62264
62286
62288
62292
62296
62297
62297
62301
62306
62324
62327
62330
62341
62357
62365
62366
62369
62371
62384
62387
62389
62392
62398
62401
62402
62402
62403
62414
62425
62438
62439
62440
62442
62448
62455
62457
62473
62474
62477
62485
62487
62495
62507
62512
62512
62516
62531
62543
62549
62556
62557
62558
62559
62568
62568
62578
62580
62585
62601
62615
62619
62623
62636
62645
62655
62662
62670
62671
62673
62674
62676
62680
62681
62685
62695
62698
62701
62708
62710
62718
62722
62732
62748
62753
62759
62762
62768
62770
62774
62775
62779
62782
62793
62801
62801
62807
62813
62822
62823
62828
62832
62851
62853
62871
62872
62886
62895
62901
62906
62907
62911
62927
62938
62939
62940
62943
62976
62980
62988
62991
63004
63007
63009
63025
63027
63038
63038
63042
63051
63078
63083
63097
63100
63118
63120
63123
63128
63131
63132
63137
63137
63141
63141
63144
63165
63174
63179
63183
63200
63201
63201
63221
63223
63232
63241
63250
63260
63262
63264
63270
63276
63277
63277
63283
63289
63309
63310
63315
63347
63358
63370
63375
63377
63390
63399
63404
63407
63407
63409
63416
63419
63420
63422
63436
63436
63445
63448
63475
63488
63488
63497
63507
63510
63514
63547
63555
63563
63570
63580
63586
63590
63624
63651
63651
63656
63671
63672
63677
63677
63678
63700
63702
63711
63712
63715
63717
63718
63720
63728
63750
63754
63755
63767
63792
63803
63803
63805
63808
63815
63820
63822
63829
63836
63853
63858
63871
63871
63879
63884
63889
63890
63916
63924
63926
63932
63942
63942
63964
63974
63980
63989
63989
63991
64018
64022
64029
64030
64061
64065
64070
64070
64073
64075
64079
64100
64123
64125
64129
64133
64147
64149
64150
64153
64173
64179
64181
64182
64186
64200
64212
64224
64227
64237
64243
64281
64285
64294
64300
64301
64309
64312
64312
64313
64320
64325
64333
64337
64362
64364
64368
64370
64379
64380
64385
64394
64416
64421
64433
64453
64453
64461
64467
64486
64488
64488
64495
64502
64502
64506
64515
64542
64551
64556
64563
64577
64579
64587
64588
64590
64593
64608
64610
64620
64647
64667
64674
64675
64695
64697
64698
64714
64731
64734
64735
64737
64750
64766
64768
64768
64773
64777
64783
64784
64799
64810
64817
64819
64822
64827
64834
64836
64839
64847
64848
64857
64865
64877
64887
64897
64900
64903
64908
64926
64929
64934
64949
64956
64961
64979
64982
64987
64993
