15000
15006
15009
15018
15055
15074
15083
15084
15084
15087
15092
15097
15103
15110
15117
15126
15127
15132
15137
15154
15157
15163
15181
15189
15190
15194
15198
15220
15234
15237
15246
15247
15256
15285
15287
15291
15314
15317
15319
15325
15332
15347
15349
15357
15366
15377
15393
15393
15397
15406
15419
15423
15426
15435
15436
15445
15447
15450
15451
15460
15464
15464
15471
15485
15502
15503
15504
15511
15512
15513
15514
15524
15534
15538
15541
15548
15548
15552
15558
15558
15559
15588
15595
15600
15607
15607
15613
15613
15614
15617
15620
15620
15624
15629
15643
15644
15653
15653
15669
15671
15676
15683
15702
15742
15744
15744
15746
15751
15761
15761
15764
15765
15771
15776
15798
15821
15822
15833
15843
15845
15845
15861
15862
15863
15870
15878
15880
15881
15898
15900
15903
15903
15907
15914
15918
15920
15935
15944
15945
15948
15972
15996
16005
16016
16028
16032
16039
16059
16065
16066
16106
16107
16118
16125
16128
16135
16145
16149
16151
16160
16169
16173
16177
16185
16189
16192
16217
16231
16243
16252
16254
16259
16267
16268
16281
16292
16293
16305
16307
16318
16319
16321
16322
16335
16343
16348
16355
16355
16371
16372
16377
16377
16381
16381
16392
16392
16394
16428
16431
16432
16436
16448
16463
16468
16469
16485
16488
16508
16522
16525
16532
16536
16550
16555
16560
16561
16581
16588
16591
16593
16599
16616
16620
16634
16638
16650
16654
16655
16659
16663
16675
16679
16694
16704
16708
16718
16732
16735
16737
16763
16771
16788
16794
16800
16804
16825
16827
16835
16840
16852
16855
16870
16875
16878
16879
16900
16911
16917
16923
16928
16946
16946
16950
16952
16970
16971
16976
16990
17000
17005
17009
17014
17028
17030
17046
17050
17053
17062
17077
17079
17085
17088
17095
17102
17107
17111
17113
17140
17140
17157
17158
17160
17161
17165
17165
17167
17182
17184
17186
17191
17193
17193
17198
17202
17204
17210
17211
17219
17226
17242
17253
17259
17265
17275
17278
17281
17290
17292
17294
17296
17298
17319
17340
17341
17346
17347
17363
17378
17378
17378
17387
17395
17404
17414
17421
17432
17434
17436
17437
17440
17441
17449
17451
17467
17479
17486
17487
17494
17523
17528
17528
17531
17532
17541
17551
17558
17567
17568
17581
17584
17586
17592
17592
17595
17597
17600
17603
17615
17620
17621
17634
17635
17636
17638
17648
17655
17658
17671
17684
17685
17686
17695
17697
17705
17708
17727
17739
17764
17772
17774
17781
17785
17787
17791
17796
17800
17814
17836
17837
17847
17852
17856
17856
17867
17870
17878
17890
17892
17898
17911
17914
17939
17944
17945
17947
17955
17990
17999
17999
18002
18016
18019
18025
18029
18032
18032
18046
18051
18054
18054
18094
18104
18106
18125
18134
18137
18158
18158
18163
18183
18184
18188
18204
18232
18236
18238
18247
18286
18287
18298
18299
18307
18308
18312
18314
18318
18339
18339
18340
18345
18359
18359
18370
18378
18389
18393
18394
18403
18405
18406
18418
18423
18427
18429
18436
18441
18451
18453
18468
18469
18474
18475
18484
18486
18486
18489
18492
18501
18505
18505
18511
18516
18518
18529
18533
18544
18546
18547
18549
18553
18556
18577
18586
18588
18606
18607
18625
18637
18647
18647
18649
18654
18664
18677
18681
18683
18683
18686
18695
18699
18700
18700
18701
18719
18724
18736
18737
18746
18752
18754
18758
18765
18768
18772
18790
18795
18800
18807
18808
18811
18815
18818
18818
18829
18840
18840
18843
18843
18850
18851
18852
18864
18877
18884
18899
18900
18905
18920
18951
18960
18967
18967
18981
18981
18985
18995
19002
19008
19011
19019
19022
19031
19031
19033
19041
19042
19043
19063
19064
19072
19074
19077
19078
19084
19086
19119
19124
19137
19146
19151
19155
19158
19182
19190
19193
19193
19194
19200
19201
19206
19227
19233
19233
19238
19250
19253
19253
19259
19263
19285
19299
19302
19307
19310
19311
19315
19325
19330
19334
19349
19360
19374
19376
19394
19395
19406
19409
19455
19455
19474
19479
19489
19493
19495
19498
19514
19521
19539
19542
19544
19562
19565
19565
19570
19598
19599
19602
19603
19604
19610
19611
19623
19625
19642
19644
19656
19664
19665
19667
19668
19672
19679
19685
19704
19704
19711
19715
19717
19729
19737
19750
19756
19775
19782
19809
19819
19821
19823
19828
19837
19839
19846
19847
19860
19871
19900
19901
19901
19909
19910
19914
19918
19922
19924
19928
19933
19940
19943
19945
19946
19947
19955
19961
19962
19982
19987
19995
19997
20007
20018
20044
20061
20062
20072
20079
20108
20144
20152
20207
20208
20222
20226
20226
20240
20266
20267
20269
20270
20272
20282
20285
20288
20295
20309
20313
20327
20330
20331
20332
20335
20344
20346
20348
20357
20366
20367
20371
20372
20381
20392
20398
20398
20407
20416
20419
20423
20441
20443
20443
20454
20460
20479
20480
20510
20512
20521
20523
20540
20556
20556
20559
20561
20562
20576
20579
20587
20592
20603
20611
20627
20630
20636
20640
20653
20661
20662
20668
20685
20689
20690
20694
20696
20700
20704
20719
20720
20736
20754
20755
20760
20767
20783
20786
20789
20790
20790
20798
20807
20827
20830
20859
20868
20869
20879
20880
20881
20890
20894
20912
20918
20925
20963
20980
20980
20981
20989
21011
21024
21024
21029
21036
21047
21048
21048
21052
21057
21060
21064
21076
21107
21110
21111
21113
21123
21133
21136
21151
21184
21196
21204
21209
21215
21226
21233
21237
21250
21254
21262
21277
21295
21296
21311
21313
21313
21329
21331
21331
21332
21334
21339
21341
21352
21356
21358
21358
21372
21376
21385
21385
21403
21421
21438
21440
21444
21472
21502
21503
21504
21505
21506
21531
21532
21533
21533
21535
21541
21562
21567
21573
21577
21585
21598
21608
21615
21630
21632
21640
21645
21660
21673
21676
21686
21687
21694
21704
21706
21718
21722
21768
21775
21796
21803
21809
21839
21849
21853
21860
21867
21877
21885
21909
21918
21926
21927
21927
21927
21935
21939
21939
21944
21951
21958
21964
21975
21975
21979
21980
21980
22001
22002
22008
22010
22030
22036
22047
22078
22078
22085
22095
22098
22115
22124
22143
22145
22147
22165
22183
22186
22203
22207
22221
22226
22249
22272
22284
22287
22287
22288
22299
22313
22322
22327
22337
22338
22344
22355
22358
22361
22363
22372
22373
22378
22399
22399
22401
22412
22414
22433
22434
22443
22446
22451
22463
22472
22473
22477
22488
22498
22508
22509
22520
22522
22525
22528
22532
22535
22553
22553
22553
22553
22555
22559
22561
22565
22565
22572
22574
22584
22595
22595
22610
22613
22614
22619
22631
22632
22634
22635
22640
22644
22647
22649
22652
22652
22652
22659
22663
22668
22676
22677
22698
22700
22714
22735
22738
22785
22785
22797
22804
22809
22816
22822
22825
22825
22835
22838
22844
22860
22867
22869
22879
22887
22888
22890
22893
22897
22900
22903
22907
22929
22934
22936
22939
22942
22963
22977
22984
22994
22999
23002
23008
23016
23022
23031
23032
23034
23035
23044
23063
23063
23067
23068
23068
23079
23086
23088
23105
23117
23117
23125
23129
23144
23146
23158
23164
23182
23212
23225
23227
23242
23243
23243
23258
23266
23270
23271
23273
23273
23278
23281
23281
23300
23322
23325
23330
23344
23364
23378
23380
23386
23389
23394
23403
23405
23448
23457
23466
23482
23488
23499
23509
23512
23516
23517
23524
23557
23558
23565
23573
23600
23601
23603
23609
23630
23638
23643
23644
23645
23646
23659
23663
23677
23682
23685
23688
23690
23714
23721
23737
23737
23738
23739
23750
23803
23809
23812
23835
23837
23842
23843
23866
23868
23876
23885
23900
23901
23906
23906
23919
23920
23953
23960
23977
23985
23996
23998
24001
24014
24050
24055
24063
24064
24077
24078
24087
24093
24107
24109
24110
24118
24121
24127
24131
24138
24146
24162
24162
24174
24183
24189
24223
24229
24238
24240
24248
24248
24268
24279
24296
24297
24309
24317
24354
24359
24369
24378
24380
24405
24417
24418
24436
24438
24439
24441
24443
24459
24462
24467
24472
24477
24485
24490
24496
24505
24514
24517
24524
24526
24543
24544
24550
24564
24567
24567
24574
24580
24584
24585
24602
24605
24610
24612
24627
24637
24637
24661
24673
24703
24704
24713
24737
24738
24739
24741
24741
24765
24772
24805
24812
24821
24834
24841
24847
24857
24866
24873
24878
24880
24898
24910
24921
24923
24924
24924
24936
24940
24950
24964
24968
24999
25003
25011
25015
25019
25046
25061
25063
25077
25083
25083
25087
25099
25101
25118
25131
25150
25151
25155
25160
25184
25200
25202
25226
25244
25256
25271
25309
25313
25314
25328
25331
25349
25368
25370
25381
25394
25399
25406
25407
25418
25420
25421
25428
25429
25445
25446
25453
25458
25472
25478
25480
25480
25484
25485
25495
25506
25511
25526
25528
25535
25539
25539
25541
25573
25576
25579
25589
25593
25600
25614
25622
25640
25652
25658
25659
25662
25670
25675
25678
25678
25693
25693
25694
25695
25699
25705
25715
25728
25732
25750
25756
25763
25764
25784
25798
25800
25816
25818
25823
25831
25843
25856
25862
25865
25869
25886
25894
25908
25910
25914
25933
25947
25950
25961
25973
25978
25986
25987
25991
25998
25998
26002
26006
26018
26028
26031
26045
26050
26053
26065
26073
26085
26097
26098
26099
26104
26117
26118
26120
26128
26134
26141
26143
26144
26161
26169
26176
26180
26180
26180
26196
26199
26207
26215
26215
26217
26217
26220
26223
26226
26229
26230
26249
26264
26270
26274
26277
26279
26310
26344
26357
26361
26365
26368
26373
26377
26378
26380
26388
26389
26389
26396
26396
26408
26409
26410
26413
26427
26431
26432
26448
26448
26449
26450
26461
26467
26470
26486
26494
26496
26498
26504
26504
26508
26525
26530
26542
26546
26550
26559
26561
26567
26568
26572
26572
26574
26578
26581
26605
26608
26608
26610
26622
26628
26639
26652
26662
26669
26691
26694
26698
26701
26705
26719
26759
26760
26766
26789
26790
26791
26796
26816
26820
26820
26823
26834
26841
26845
26846
26848
26851
26879
26882
26891
26898
26908
26909
26915
26923
26951
26953
26956
26962
26963
26965
26969
26979
26985
26988
26990
27009
27018
27025
27027
27028
27032
27050
27059
27061
27093
27095
27111
27115
27116
27131
27131
27133
27139
27142
27147
27154
27162
27170
27178
27180
27181
27202
27205
27210
27219
27222
27224
27233
27250
27252
27260
27268
27273
27274
27276
27277
27280
27280
27295
27296
27297
27309
27322
27325
27328
27344
27354
27361
27365
27368
27374
27379
27388
27393
27397
27404
27413
27414
27420
27421
27422
27423
27433
27436
27439
27443
27443
27451
27465
27470
27471
27477
27490
27499
27500
27502
27502
27507
27509
27523
27525
27544
27547
27549
27550
27551
27555
27580
27585
27593
27597
27597
27607
27612
27616
27616
27631
27637
27643
27644
27648
27676
27679
27683
27688
27689
27699
27709
27721
27722
27753
27761
27772
27773
27773
27776
27783
27784
27798
27800
27807
27829
27869
27879
27886
27893
27908
27921
27925
27934
27934
27937
27941
27942
27958
27975
27991
28004
28006
28015
28028
28030
28043
28043
28043
28054
28058
28077
28083
28083
28085
28097
28105
28108
28126
28133
28133
28138
28149
28151
28159
28168
28189
28192
28200
28209
28220
28221
28226
28228
28249
28249
28256
28257
28264
28275
28276
28282
28283
28285
28285
28291
28309
28312
28319
28329
28334
28351
28354
28368
28369
28384
28391
28405
28417
28417
28419
28424
28427
28431
28433
28442
28458
28459
28460
28469
28472
28477
28482
28494
28495
28497
28504
28506
28512
28518
28527
28529
28538
28540
28542
28543
28546
28571
28576
28583
28585
28587
28588
28594
28601
28608
28610
28632
28645
28651
28653
28657
28666
28677
28692
28705
28706
28712
28713
28716
28717
28723
28734
28734
28736
28745
28759
28763
28767
28768
28773
28775
28781
28781
28787
28789
28798
28800
28807
28808
28811
28827
28828
28830
28836
28844
28845
28846
28855
28858
28866
28883
28884
28892
28895
28907
28916
28924
28934
28946
28950
28955
28969
28975
28981
28982
28986
28989
28992
29002
29002
29005
29005
29009
29013
29024
29026
29030
29031
29037
29065
29065
29066
29073
29078
29091
29098
29103
29108
29109
29126
29133
29135
29149
29166
29169
29170
29181
29201
29210
29224
29229
29245
29246
29247
29251
29256
29259
29275
29279
29283
29292
29306
29307
29317
29319
29337
29347
29356
29363
29374
29376
29376
29380
29383
29393
29401
29402
29416
29418
29420
29441
29451
29464
29473
29482
29494
29495
29513
29522
29522
29532
29539
29539
29547
29558
29563
29565
29579
29596
29599
29609
29610
29620
29628
29635
29641
29648
29653
29661
29665
29686
29689
29707
29708
29716
29716
29724
29746
29749
29755
29763
29765
29768
29779
29796
29809
29810
29823
29828
29839
29854
29854
29857
29861
29873
29879
29882
29888
29893
29914
29918
29928
29928
29934
29952
29980
29991
30015
30017
30024
30035
30044
30054
30071
30079
30082
30112
30121
30124
30127
30136
30146
30162
30162
30174
30181
30183
30192
30205
30210
30222
30225
30227
30229
30239
30242
30242
30260
30265
30268
30274
30279
30280
30290
30303
30307
30310
30317
30324
30332
30357
30361
30363
30368
30370
30376
30386
30386
30411
30413
30413
30455
30464
30465
30472
30474
30478
30497
30506
30506
30521
30548
30549
30550
30575
30582
30594
30617
30617
30618
30633
30640
30642
30644
30647
30651
30657
30660
30665
30680
30692
30698
30699
30702
30708
30740
30749
30760
30767
30783
30785
30794
30798
30803
30806
30814
30815
30817
30823
30831
30832
30855
30856
30861
30876
30883
30884
30897
30922
30924
30926
30928
30929
30941
30950
30953
30957
30968
30988
30996
31022
31026
31029
31042
31054
31055
31063
31081
31081
31102
31103
31119
31143
31164
31164
31165
31178
31194
31200
31201
31202
31210
31212
31215
31221
31230
31235
31235
31236
31277
31281
31292
31300
31307
31315
31317
31319
31333
31343
31347
31350
31356
31364
31369
31374
31376
31378
31388
31401
31405
31412
31417
31419
31424
31448
31454
31473
31474
31480
31486
31488
31491
31494
31502
31508
31523
31524
31525
31537
31546
31550
31563
31564
31565
31566
31571
31576
31580
31585
31586
31594
31609
31612
31642
31651
31671
31673
31682
31688
31691
31695
31696
31702
31706
31712
31718
31744
31762
31766
31769
31769
31782
31788
31796
31801
31802
31814
31820
31835
31835
31851
31851
31862
31863
31872
31873
31879
31881
31890
31894
31899
31900
31905
31906
31911
31914
31916
31916
31918
31926
31928
31934
31952
31955
31969
31974
31975
31984
31986
31997
32006
32012
32013
32020
32039
32039
32047
32058
32067
32072
32078
32088
32099
32116
32144
32144
32155
32159
32167
32174
32193
32196
32197
32199
32203
32211
32222
32224
32231
32234
32243
32247
32254
32273
32304
32319
32320
32327
32332
32336
32345
32349
32353
32359
32362
32370
32374
32383
32384
32392
32399
32428
32457
32459
32459
32461
32466
32469
32473
32478
32479
32482
32490
32509
32517
32520
32523
32536
32537
32537
32549
32550
32569
32576
32581
32620
32636
32668
32670
32678
32680
32688
32692
32692
32708
32710
32717
32724
32726
32739
32747
32753
32775
32782
32783
32826
32829
32841
32842
32846
32847
32860
32874
32878
32879
32883
32885
32891
32893
32921
32925
32930
32931
32950
32951
32953
32954
32957
32964
32966
32971
32974
32977
32979
33005
33011
33020
33022
33032
33039
33044
33046
33049
33055
33063
33069
33081
33085
33087
33097
33108
33114
33130
33133
33133
33150
33163
33166
33167
33169
33178
33207
33208
33209
33209
33217
33218
33221
33222
33230
33256
33257
33261
33267
33268
33271
33277
33283
33284
33285
33287
33292
33292
33295
33297
33298
33299
33304
33323
33324
33351
33358
33361
33386
33389
33392
33397
33401
33404
33406
33407
33408
33408
33424
33427
33432
33432
33443
33450
33451
33455
33458
33468
33475
33497
33498
33498
33499
33521
33522
33532
33535
33537
33542
33543
33543
33543
33547
33548
33551
33556
33562
33563
33580
33581
33587
33589
33598
33602
33613
33613
33630
33635
33636
33638
33650
33656
33667
33677
33681
33681
33708
33712
33732
33739
33743
33748
33754
33755
33773
33777
33784
33789
33793
33798
33800
33807
33837
33841
33845
33855
33860
33863
33863
33865
33871
33875
33886
33899
33903
33910
33927
33929
33934
33938
33940
33946
33946
33949
33953
33965
33973
33985
33996
34004
34007
34011
34018
34043
34046
34055
34067
34083
34096
34121
34133
34137
34137
34162
34178
34195
34205
34216
34222
34224
34242
34245
34252
34265
34273
34275
34298
34298
34335
34347
34347
34352
34377
34377
34391
34397
34406
34408
34411
34420
34463
34464
34466
34483
34492
34497
34501
34522
34523
34524
34528
34530
34539
34540
34543
34556
34570
34570
34575
34578
34587
34627
34629
34631
34632
34640
34650
34668
34674
34677
34696
34701
34703
34717
34733
34745
34749
34761
34763
34765
34767
34768
34770
34787
34792
34802
34826
34833
34844
34844
34861
34865
34871
34877
34885
34888
34895
34896
34899
34924
34926
34946
34976
34976
34977
34982
34988
34991
34994
35005
35011
35012
35025
35026
35028
35037
35041
35044
35047
35059
35080
35083
35085
35090
35098
35107
35108
35108
35109
35124
35142
35159
35161
35168
35176
35177
35183
35184
35196
35197
35199
35202
35205
35210
35214
35221
35221
35231
35235
35237
35240
35250
35250
35264
35273
35273
35281
35288
35304
35314
35317
35331
35331
35333
35345
35353
35353
35363
35364
35365
35371
35387
35391
35399
35400
35422
35425
35429
35438
35441
35471
35473
35479
35480
35482
35488
35495
35496
35497
35520
35527
35534
35557
35557
35563
35564
35564
35568
35568
35572
35577
35587
35588
35593
35595
35596
35596
35629
35638
35644
35647
35653
35655
35674
35682
35697
35714
35718
35727
35732
35732
35742
35753
35757
35761
35768
35768
35781
35784
35789
35792
35794
35813
35836
35837
35847
35855
35861
35865
35890
35895
35907
35911
35924
35933
35955
35967
35970
35973
35975
35978
36001
36002
36008
36012
36012
36020
36021
36023
36028
36029
36035
36035
36040
36058
36073
36074
36076
36081
36087
36095
36096
36116
36121
36141
36145
36146
36149
36153
36159
36166
36166
36185
36189
36197
36203
36205
36208
36208
36215
36229
36238
36238
36239
36240
36250
36250
36257
36264
36264
36265
36276
36278
36283
36286
36291
36300
36302
36302
36311
36317
36329
36339
36344
36344
36346
36347
36348
36350
36356
36365
36380
36387
36406
36416
36417
36417
36423
36424
36426
36428
36435
36454
36456
36468
36470
36478
36505
36521
36551
36551
36558
36569
36581
36585
36586
36587
36587
36589
36596
36606
36620
36639
36650
36677
36681
36684
36685
36687
36695
36700
36701
36704
36710
36714
36716
36719
36727
36749
36750
36764
36772
36777
36796
36796
36801
36802
36811
36845
36846
36861
36865
36872
36882
36887
36897
36897
36902
36902
36951
36965
36969
36977
36988
36992
37024
37028
37029
37043
37047
37054
37060
37072
37073
37086
37096
37105
37131
37132
37135
37142
37143
37146
37158
37185
37187
37192
37199
37208
37226
37257
37260
37274
37278
37281
37292
37299
37301
37304
37306
37313
37333
37338
37345
37345
37364
37368
37371
37374
37381
37388
37393
37394
37409
37414
37414
37422
37422
37424
37428
37428
37455
37459
37472
37474
37474
37479
37491
37500
37502
37510
37520
37523
37524
37527
37530
37534
37536
37545
37553
37559
37565
37566
37571
37571
37582
37590
37614
37618
37623
37627
37627
37628
37630
37637
37642
37649
37654
37661
37672
37677
37677
37698
37703
37709
37713
37722
37726
37731
37736
37736
37747
37748
37753
37756
37762
37762
37788
37791
37814
37822
37823
37826
37833
37833
37837
37843
37844
37845
37855
37859
37873
37880
37899
37909
37922
37930
37933
37938
37946
37966
37968
37980
37981
37985
37987
38001
38002
38008
38015
38036
38063
38068
38073
38076
38077
38083
38095
38118
38118
38125
38128
38131
38137
38142
38146
38154
38163
38165
38167
38172
38176
38182
38201
38210
38214
38222
38230
38233
38234
38249
38262
38268
38278
38299
38317
38323
38324
38326
38351
38353
38353
38353
38356
38360
38363
38364
38364
38375
38378
38388
38391
38398
38402
38407
38411
38446
38452
38452
38476
38480
38486
38486
38489
38495
38498
38525
38531
38532
38536
38538
38551
38553
38569
38586
38586
38588
38594
38600
38611
38613
38615
38625
38627
38633
38640
38643
38644
38656
38662
38663
38676
38678
38684
38690
38691
38700
38706
38717
38719
38721
38725
38730
38731
38733
38734
38740
38750
38755
38775
38778
38788
38801
38807
38807
38812
38817
38817
38826
38832
38845
38859
38863
38864
38865
38870
38904
38905
38906
38916
38919
38929
38943
38971
38972
38972
38978
38989
39002
39004
39006
39007
39038
39042
39044
39046
39058
39075
39083
39085
39109
39132
39143
39148
39148
39150
39156
39163
39185
39202
39208
39216
39217
39223
39228
39231
39233
39240
39245
39267
39270
39283
39286
39287
39295
39303
39305
39312
39319
39346
39355
39371
39371
39381
39384
39389
39403
39403
39416
39419
39441
39442
39444
39451
39453
39456
39464
39464
39465
39467
39470
39490
39491
39495
39508
39513
39517
39517
39531
39541
39552
39565
39584
39586
39599
39607
39609
39614
39615
39621
39623
39655
39656
39660
39661
39666
39675
39676
39681
39682
39688
39700
39715
39722
39734
39737
39739
39753
39759
39762
39767
39797
39822
39831
39835
39842
39856
39867
39867
39870
39874
39875
39877
39882
39883
39888
39889
39911
39912
39913
39925
39944
39952
39953
39960
39964
39986
39986
40007
40007
40011
40012
40018
40020
40021
40044
40061
40065
40065
40067
40075
40084
40098
40107
40109
40113
40132
40137
40142
40161
40163
40165
40165
40168
40175
40180
40208
40208
40211
40232
40233
40246
40249
40252
40261
40265
40265
40268
40278
40282
40284
40291
40292
40293
40298
40302
40345
40356
40366
40368
40374
40376
40378
40405
40408
40413
40415
40420
40422
40422
40425
40438
40446
40454
40455
40458
40460
40464
40474
40480
40484
40488
40488
40504
40511
40513
40519
40521
40524
40524
40531
40537
40538
40549
40562
40564
40564
40581
40600
40601
40636
40648
40653
40669
40671
40678
40700
40709
40712
40723
40747
40749
40758
40761
40762
40782
40796
40808
40810
40819
40829
40836
40840
40842
40855
40859
40862
40865
40866
40870
40887
40887
40890
40892
40893
40897
40935
40938
40949
40969
40974
40983
40987
40995
41000
41004
41023
41028
41034
41038
41041
41047
41080
41080
41086
41099
41117
41117
41119
41129
41132
41170
41181
41184
41199
41202
41210
41216
41218
41221
41222
41237
41243
41249
41251
41253
41263
41265
41271
41272
41299
41307
41310
41314
41316
41330
41386
41389
41409
41425
41427
41432
41433
41433
41440
41442
41448
41465
41486
41491
41505
41506
41510
41516
41524
41525
41526
41541
41544
41544
41548
41557
41563
41571
41576
41586
41586
41587
41591
41594
41598
41607
41613
41623
41626
41655
41656
41664
41681
41685
41687
41693
41693
41708
41719
41719
41725
41732
41737
41738
41744
41747
41753
41759
41796
41804
41819
41829
41835
41839
41846
41848
41851
41867
41873
41876
41902
41903
41922
41925
41931
41933
41941
41946
41956
41956
41972
41981
42001
42001
42009
42010
42012
42017
42037
42045
42054
42057
42063
42064
42072
42086
42095
42098
42101
42103
42117
42145
42146
42152
42161
42168
42179
42207
42230
42245
42248
42253
42259
42261
42262
42266
42274
42281
42282
42304
42316
42317
42319
42323
42324
42337
42345
42348
42352
42373
42401
42411
42418
42419
42424
42438
42440
42441
42441
42445
42451
42461
42462
42462
42463
42464
42472
42477
42480
42485
42496
42498
42499
42506
42512
42517
42523
42533
42535
42542
42551
42554
42560
42564
42567
42579
42582
42586
42586
42593
42596
42600
42601
42601
42601
42606
42651
42653
42665
42672
42684
42696
42706
42719
42720
42729
42734
42741
42761
42768
42768
42770
42778
42793
42801
42802
42803
42811
42818
42840
42843
42852
42854
42870
42890
42903
42910
42921
42955
42958
42982
42993
42998
42999
43001
43018
43027
43040
43061
43071
43071
43084
43096
43130
43131
43137
43142
43147
43160
43161
43177
43183
43184
43185
43186
43189
43196
43206
43207
43209
43220
43223
43232
43236
43267
43270
43275
43278
43284
43288
43290
43295
43298
43299
43308
43317
43317
43334
43346
43353
43359
43365
43368
43379
43381
43384
43395
43401
43411
43414
43421
43421
43423
43437
43448
43463
43495
43495
43524
43524
43535
43539
43540
43558
43560
43561
43561
43570
43572
43577
43584
43590
43608
43614
43626
43632
43638
43640
43640
43641
43642
43646
43651
43651
43658
43682
43700
43708
43711
43725
43731
43732
43733
43739
43741
43745
43754
43759
43761
43767
43769
43778
43787
43787
43791
43794
43799
43805
43814
43814
43825
43826
43826
43828
43829
43830
43842
43844
43856
43878
43886
43887
43901
43908
43911
43911
43922
43922
43931
43933
43933
43934
43964
43964
43970
43980
43985
43987
44019
44021
44022
44037
44037
44048
44060
44061
44073
44075
44095
44102
44104
44112
44126
44128
44137
44137
44157
44159
44161
44174
44176
44176
44180
44189
44198
44200
44202
44206
44207
44225
44234
44249
44254
44260
44269
44270
44276
44280
44286
44306
44314
44322
44348
44350
44355
44383
44386
44391
44392
44407
44409
44410
44418
44430
44440
44451
44481
44495
44500
44501
44521
44522
44532
44537
44538
44542
44550
44555
44557
44564
44573
44576
44583
44595
44598
44599
44600
44602
44604
44610
44616
44624
44628
44646
44662
44667
44674
44675
44676
44689
44700
44714
44751
44756
44759
44777
44810
44811
44830
44833
44850
44865
44882
44882
44884
44885
44906
44907
44907
44928
44937
44943
44950
44955
44959
44965
44969
44973
44982
44992
44994
45004
45007
45010
45030
45031
45032
45038
45042
45044
45046
45049
45050
45060
45068
45070
45077
45086
45087
45097
45099
45110
45114
45128
45129
45148
45165
45175
45201
45208
45215
45217
45218
45229
45254
45266
45270
45279
45279
45295
45296
45296
45297
45311
45314
45319
45320
45326
45333
45341
45342
45360
45387
45405
45422
45435
45439
45457
45461
45463
45465
45485
45511
45516
45521
45526
45528
45547
45561
45562
45569
45584
45585
45595
45597
45602
45603
45603
45608
45614
45625
45637
45640
45641
45643
45663
45674
45679
45702
45714
45716
45722
45726
45730
45736
45765
45787
45788
45790
45791
45797
45801
45806
45808
45809
45810
45822
45824
45831
45834
45850
45870
45871
45874
45876
45890
45891
45897
45901
45917
45927
45930
45942
45953
45956
45988
45988
45995
46010
46034
46037
46046
46073
46117
46118
46123
46125
46135
46136
46138
46157
46167
46179
46201
46205
46211
46222
46226
46241
46252
46252
46256
46261
46262
46286
46307
46311
46311
46323
46333
46341
46359
46363
46370
46370
46400
46400
46403
46409
46416
46417
46428
46430
46437
46441
46442
46448
46458
46469
46470
46472
46477
46491
46501
46508
46517
46518
46526
46530
46553
46554
46565
46566
46569
46590
46611
46621
46622
46630
46630
46633
46647
46647
46649
46666
46688
46697
46706
46707
46715
46720
46732
46736
46742
46743
46745
46746
46754
46755
46759
46761
46766
46775
46781
46784
46784
46804
46810
46823
46826
46827
46837
46848
46873
46876
46889
46902
46902
46922
46931
46931
46951
46952
46962
46962
46969
46971
46976
46984
46987
46990
47002
47012
47014
47014
47024
47027
47030
47036
47052
47076
47092
47096
47101
47104
47120
47122
47123
47130
47140
47148
47154
47157
47161
47164
47164
47166
47167
47170
47174
47180
47181
47195
47212
47229
47233
47237
47244
47246
47247
47249
47250
47268
47285
47285
47286
47299
47307
47323
47323
47325
47333
47350
47354
47354
47356
47369
47370
47374
47379
47381
47393
47399
47405
47406
47406
47436
47448
47448
47455
47461
47463
47464
47469
47473
47484
47492
47493
47498
47511
47519
47521
47539
47552
47563
47563
47563
47571
47579
47580
47587
47600
47604
47623
47647
47648
47650
47660
47660
47661
47661
47673
47677
47678
47684
47721
47729
47734
47739
47745
47746
47759
47779
47808
47809
47811
47812
47833
47864
47867
47870
47872
47889
47890
47899
47900
47904
47905
47912
47926
47927
47929
47954
47968
47992
47996
48001
48002
48020
48037
48041
48043
48054
48056
48058
48088
48090
48113
48125
48126
48130
48133
48150
48152
48155
48155
48155
48159
48169
48176
48197
48214
48215
48223
48234
48236
48242
48244
48249
48252
48256
48266
48278
48281
48316
48317
48323
48334
48337
48370
48381
48393
48394
48404
48408
48409
48421
48421
48422
48422
48439
48449
48452
48467
48469
48471
48473
48483
48486
48490
48494
48501
48501
48506
48525
48528
48535
48551
48575
48583
48591
48597
48600
48617
48620
48634
48654
48658
48659
48674
48681
48683
48699
48700
48709
48709
48709
48726
48731
48732
48734
48738
48744
48767
48771
48777
48783
48813
48817
48818
48822
48827
48847
48856
48872
48878
48885
48886
48890
48893
48893
48919
48924
48935
48938
48944
48944
48963
48970
48985
48995
49007
49014
49016
49019
49021
49047
49064
49074
49079
49080
49105
49124
49133
49138
49142
49142
49145
49146
49170
49173
49179
49182
49186
49190
49192
49192
49194
49200
49204
49216
49226
49229
49229
49239
49244
49253
49260
49269
49275
49279
49280
49283
49289
49300
49300
49306
49323
49332
49339
49340
49351
49351
49352
49363
49363
49366
49367
49379
49387
49389
49401
49403
49403
49411
49419
49451
49458
49460
49468
49498
49518
49530
49547
49570
49582
49583
49593
49593
49608
49609
49614
49618
49651
49659
49671
49676
49683
49688
49701
49704
49709
49719
49720
49733
49748
49749
49752
49760
49764
49794
49805
49813
49816
49819
49821
49823
49825
49836
49858
49870
49880
49886
49892
49893
49902
49903
49916
49918
49920
49930
49939
49941
49956
49974
49977
49977
49977
49989
49996
50012
50012
50029
50037
50044
50052
50053
50059
50060
50062
50070
50086
50090
50095
50109
50113
50118
50126
50147
50157
50165
50167
50184
50188
50190
50199
50204
50210
50215
50222
50222
50223
50233
50236
50237
50237
50255
50269
50271
50274
50282
50314
50318
50332
50338
50343
50343
50348
50353
50362
50363
50364
50365
50367
50372
50373
50377
50388
50400
50401
50417
50437
50438
50440
50452
50456
50456
50460
50462
50469
50480
50494
50508
50517
50525
50534
50535
50549
50553
50565
50588
50594
50595
50615
50615
50616
50617
50627
50631
50644
50645
50671
50677
50682
50687
50688
50694
50696
50703
50704
50713
50716
50728
50740
50740
50741
50743
50747
50752
50759
50764
50777
50778
50788
50801
50805
50807
50809
50814
50815
50816
50819
50838
50860
50877
50879
50882
50884
50886
50886
50893
50910
50920
50922
50924
50937
50942
50950
50956
50990
51002
51014
51028
51033
51040
51043
51049
51057
51062
51066
51107
51115
51116
51121
51126
51133
51133
51145
51178
51179
51179
51193
51201
51217
51247
51251
51278
51280
51292
51299
51302
51317
51319
51326
51331
51333
51338
51358
51359
51361
51397
51403
51404
51410
51419
51419
51424
51427
51432
51460
51466
51478
51480
51523
51524
51531
51536
51542
51544
51548
51565
51574
51591
51594
51597
51601
51611
51626
51629
51640
51640
51641
51648
51648
51650
51677
51683
51687
51690
51705
51708
51725
51739
51742
51742
51752
51764
51769
51772
51773
51775
51777
51777
51779
51780
51789
51791
51796
51800
51804
51812
51813
51817
51826
51832
51833
51842
51851
51853
51866
51875
51895
51896
51897
51908
51908
51915
51921
51929
51941
51943
51968
51971
51973
51973
51991
51994
52001
52007
52009
52021
52031
52046
52052
52088
52089
52098
52101
52109
52118
52124
52125
52126
52132
52142
52148
52157
52161
52171
52172
52175
52189
52191
52230
52233
52244
52254
52261
52264
52264
52283
52312
52342
52345
52349
52351
52351
52357
52357
52381
52387
52393
52400
52402
52403
52407
52409
52419
52424
52431
52443
52445
52454
52474
52477
52478
52483
52488
52490
52501
52507
52516
52532
52533
52545
52546
52547
52549
52550
52552
52595
52599
52622
52634
52648
52649
52664
52668
52682
52706
52721
52725
52735
52738
52743
52772
52774
52776
52776
52780
52782
52783
52799
52802
52810
52811
52813
52832
52833
52841
52842
52846
52846
52849
52875
52880
52882
52899
52900
52916
52923
52923
52926
52930
52985
52986
52986
53015
53017
53022
53037
53039
53048
53064
53071
53074
53075
53100
53102
53119
53121
53123
53138
53138
53141
53161
53168
53170
53182
53183
53195
53199
53201
53209
53214
53219
53223
53224
53226
53228
53228
53233
53238
53239
53241
53245
53249
53257
53272
53272
53281
53283
53315
53320
53340
53347
53349
53349
53352
53357
53385
53387
53389
53391
53395
53401
53406
53424
53428
53434
53437
53458
53462
53462
53476
53481
53483
53486
53501
53512
53519
53529
53541
53554
53587
53600
53601
53610
53616
53622
53638
53641
53650
53655
53659
53674
53675
53677
53679
53686
53704
53716
53727
53728
53743
53776
53796
53819
53824
53829
53837
53839
53840
53846
53861
53864
53868
53872
53875
53882
53882
53893
53894
53904
53905
53910
53917
53922
53927
53929
53930
53937
53944
53961
53964
53964
53967
53969
53969
53975
53982
54021
54028
54038
54061
54064
54064
54074
54090
54091
54091
54092
54098
54123
54134
54150
54163
54164
54167
54178
54190
54190
54195
54208
54210
54210
54228
54238
54242
54250
54256
54258
54264
54271
54271
54295
54297
54319
54326
54347
54355
54355
54359
54359
54365
54368
54372
54383
54385
54385
54394
54396
54400
54413
54414
54440
54441
54444
54449
54462
54464
54478
54487
54499
54524
54526
54528
54534
54552
54565
54565
54579
54584
54588
54594
54598
54610
54615
54618
54618
54622
54628
54641
54650
54653
54654
54657
54667
54669
54672
54687
54695
54706
54709
54740
54745
54745
54756
54759
54767
54770
54772
54778
54778
54779
54811
54813
54821
54837
54842
54853
54857
54860
54863
54873
54884
54886
54887
54890
54899
54906
54908
54916
54936
54939
54940
54943
54944
54945
54947
54949
54949
54953
54967
54976
54988
54991
55006
55018
55025
55029
55057
55058
55063
55066
55067
55082
55089
55094
55105
55105
55110
55127
55131
55139
55142
55143
55143
55143
55148
55155
55166
55170
55190
55193
55201
55203
55208
55212
55214
55222
55222
55223
55235
55235
55261
55270
55272
55290
55309
55320
55322
55326
55327
55336
55341
55347
55347
55356
55357
55364
55372
55374
55381
55385
55403
55408
55409
55410
55451
55459
55472
55489
55493
55504
55506
55510
55519
55540
55541
55547
55547
55563
55573
55574
55575
55596
55612
55616
55621
55627
55656
55659
55659
55661
55661
55691
55691
55702
55728
55742
55748
55768
55772
55777
55784
55786
55786
55789
55809
55824
55830
55837
55838
55839
55840
55841
55847
55854
55869
55878
55887
55899
55944
55944
55948
55950
55953
55967
55978
55980
55982
55993
56000
56002
56007
56022
56032
56042
56051
56057
56070
56074
56120
56121
56131
56133
56168
56180
56185
56191
56201
56213
56214
56232
56240
56241
56242
56265
56280
56284
56296
56297
56308
56325
56335
56358
56360
56360
56361
56370
56374
56394
56396
56396
56407
56408
56409
56412
56423
56431
56431
56432
56452
56462
56465
56467
56483
56484
56489
56491
56496
56511
56511
56532
56537
56537
56539
56547
56566
56569
56584
56590
56592
56594
56608
56626
56630
56632
56634
56652
56672
56677
56678
56678
56679
56680
56682
56687
56695
56705
56708
56714
56726
56727
56741
56743
56766
56766
56772
56773
56773
56777
56781
56792
56804
56821
56823
56825
56831
56834
56842
56844
56846
56846
56853
56857
56862
56864
56871
56872
56883
56900
56903
56906
56906
56908
56917
56918
56934
56938
56940
56951
56967
56976
56976
57007
57013
57025
57036
57039
57051
57065
57066
57070
57071
57074
57075
57081
57084
57087
57087
57095
57118
57127
57129
57136
57145
57156
57159
57160
57161
57163
57172
57173
57175
57183
57187
57198
57200
57205
57209
57219
57223
57232
57243
57250
57251
57272
57275
57276
57283
57290
57292
57296
57297
57303
57305
57307
57313
57318
57319
57325
57332
57353
57354
57361
57376
57376
57407
57412
57413
57413
57414
57418
57464
57472
57496
57500
57507
57512
57520
57521
57522
57529
57531
57532
57532
57537
57539
57542
57542
57553
57561
57569
57577
57592
57624
57636
57636
57639
57648
57649
57650
57660
57686
57689
57691
57694
57699
57701
57702
57703
57750
57752
57757
57777
57782
57798
57807
57826
57832
57832
57839
57845
57846
57867
57872
57880
57882
57883
57891
57893
57909
57916
57917
57922
57932
57941
57949
57961
57987
58011
58016
58019
58021
58026
58055
58071
58076
58085
58090
58091
58122
58124
58133
58150
58156
58175
58179
58183
58189
58193
58206
58206
58214
58216
58223
58229
58246
58256
58264
58271
58275
58286
58286
58296
58297
58312
58314
58318
58324
58357
58365
58368
58377
58379
58388
58391
58395
58406
58408
58418
58429
58440
58448
58450
58481
58485
58489
58493
58496
58506
58507
58507
58508
58517
58521
58529
58531
58532
58556
58563
58567
58567
58577
58585
58604
58605
58608
58611
58614
58628
58639
58639
58652
58664
58667
58671
58674
58679
58694
58702
58704
58711
58714
58716
58727
58732
58732
58735
58741
58741
58749
58752
58775
58777
58787
58794
58795
58799
58810
58826
58838
58842
58866
58872
58884
58886
58893
58893
58897
58907
58913
58918
58921
58925
58929
58937
58941
58944
58946
58950
58955
58973
58976
58977
58992
58993
58995
58996
59007
59020
59022
59041
59044
59048
59053
59058
59062
59084
59100
59103
59114
59122
59132
59136
59141
59145
59148
59152
59159
59174
59176
59183
59208
59212
59214
59216
59217
59237
59248
59248
59293
59307
59309
59310
59317
59321
59328
59333
59336
59344
59352
59356
59374
59376
59383
59385
59399
59404
59412
59425
59436
59440
59443
59453
59455
59459
59472
59508
59522
59522
59530
59535
59539
59541
59544
59547
59548
59550
59558
59568
59570
59572
59573
59582
59591
59595
59597
59613
59625
59628
59629
59629
59637
59640
59645
59665
59667
59668
59674
59674
59676
59678
59680
59688
59698
59711
59727
59730
59731
59738
59741
59772
59773
59779
59791
59800
59805
59811
59819
59822
59830
59835
59838
59845
59856
59857
59858
59859
59875
59885
59898
59916
59926
59939
59966
59967
59976
59977
59982
59984
59994
59994
60029
60047
60055
60058
60060
60070
60077
60085
60086
60109
60117
60129
60143
60149
60151
60154
60166
60172
60172
60173
60183
60188
60193
60198
60204
60223
60226
60228
60228
60242
60259
60314
60325
60329
60332
60339
60342
60346
60355
60356
60360
60363
60366
60367
60373
60374
60401
60406
60415
60416
60424
60437
60437
60439
60450
60460
60483
60490
60492
60496
60504
60507
60545
60554
60558
60569
60573
60578
60595
60597
60599
60602
60615
60624
60627
60627
60629
60652
60654
60660
60677
60691
60708
60708
60723
60729
60730
60756
60756
60760
60766
60768
60786
60786
60789
60792
60797
60800
60817
60818
60850
60856
60866
60866
60867
60870
60891
60902
60905
60907
60908
60914
60921
60924
60925
60936
60944
60956
60963
60964
60966
60970
60972
60977
60984
60992
60995
60999
61001
61017
61018
61030
61037
61045
61055
61064
61067
61082
61084
61089
61093
61103
61117
61120
61126
61129
61129
61143
61143
61149
61149
61163
61188
61194
61205
61212
61233
61236
61253
61258
61259
61264
61267
61272
61272
61295
61301
61322
61345
61350
61351
61358
61377
61392
61392
61393
61399
61404
61414
61415
61428
61432
61443
61450
61462
61467
61467
61489
61490
61498
61499
61529
61533
61536
61540
61545
61553
61567
61585
61608
61631
61635
61640
61659
61660
61665
61669
61679
61682
61695
61703
61709
61709
61726
61728
61729
61752
61752
61765
61783
61784
61787
61794
61813
61814
61854
61855
61862
61866
61867
61872
61875
61880
61887
61895
61899
61905
61909
61919
61942
61961
61966
61996
62007
62008
62019
62021
62021
62022
62023
62026
62035
62036
62037
62039
62046
62052
62067
62070
62071
62083
62093
62101
62102
62102
62111
62114
62118
62123
62130
62131
62131
62146
62152
62153
62162
62188
62190
62212
62216
62227
62228
62243
62252
62255
62255
62264
62286
62292
62297
62306
62317
62324
62327
62330
62340
62341
62354
62357
62365
62366
62371
62384
62387
62395
62402
62402
62416
62425
62439
62440
62442
62448
62455
62473
62477
62485
62487
62495
62512
62512
62525
62530
62532
62543
62556
62557
62558
62558
62559
62568
62578
62585
62596
62597
62632
62636
62645
62655
62664
62668
62671
62673
62674
62676
62680
62681
62684
62685
62692
62710
62748
62753
62758
62759
62760
62762
62766
62768
62770
62774
62775
62779
62782
62786
62793
62796
62801
62807
62823
62828
62830
62831
62832
62843
62851
62853
62857
62859
62871
62881
62886
62899
62911
62925
62938
62939
62940
62948
62963
62964
62980
62988
62991
62997
63007
63025
63038
63067
63078
63078
63080
63083
63096
63097
63118
63128
63131
63137
63141
63141
63144
63174
63175
63179
63195
63196
63200
63200
63201
63201
63210
63221
63223
63227
63241
63250
63260
63262
63264
63270
63276
63277
63277
63283
63288
63289
63309
63310
63316
63325
63334
63358
63370
63370
63375
63376
63399
63407
63407
63409
63419
63422
63429
63436
63436
63439
63445
63448
63475
63477
63482
63486
63488
63488
63497
63507
63510
63547
63555
63559
63563
63568
63570
63580
63584
63586
63594
63598
63624
63650
63651
63651
63656
63671
63671
63672
63677
63678
63702
63705
63705
63712
63717
63720
63728
63732
63754
63755
63766
63769
63803
63805
63808
63820
63822
63830
63834
63836
63840
63858
63871
63871
63879
63880
63884
63890
63907
63914
63916
63924
63927
63932
63936
63942
63942
63964
63968
63971
63974
63977
63980
63989
63989
64015
64029
64030
64033
64061
64067
64070
64075
64079
64087
64100
64123
64125
64129
64147
64149
64150
64155
64173
64181
64182
64186
64203
64215
64219
64224
64237
64248
64274
64281
64301
64309
64312
64312
64318
64320
64325
64333
64337
64343
64360
64362
64368
64382
64389
64394
64416
64421
64427
64433
64442
64453
64460
64461
64467
64488
64488
64490
64495
64502
64502
64506
64515
64541
64542
64546
64556
64569
64577
64579
64587
64590
64593
64595
64609
64610
64620
64637
64641
64647
64649
64667
64674
64675
64677
64683
64687
64687
64690
64695
64697
64698
64705
64714
64730
64731
64737
64756
64760
64766
64768
64775
64777
64783
64784
64787
64798
64799
64814
64817
64827
64836
64836
64839
64847
64857
64865
64866
64897
64900
64903
64903
64905
64908
64949
64956
64961
64975
64977
64979
64982
64986
64987
64995
53135
