15000
15006
15006
15009
15018
15020
15025
15057
15083
15083
15084
15087
15092
15093
15097
15103
15110
15117
15126
15132
15137
15157
15163
15172
15180
15181
15189
15190
15194
15198
15216
15220
15237
15246
15247
15256
15258
15285
15287
15292
15300
15307
15317
15319
15322
15325
15332
15342
15347
15349
15357
15360
15366
15375
15377
15387
15393
15406
15419
15423
15426
15435
15436
15445
15451
15471
15480
15487
15490
15502
15503
15504
15506
15511
15512
15513
15524
15534
15538
15548
15558
15559
15588
15595
15600
15607
15607
15609
15613
15613
15614
15620
15624
15629
15653
15653
15671
15676
15677
15683
15687
15702
15742
15744
15744
15746
15751
15754
15761
15761
15764
15765
15771
15776
15798
15819
15821
15833
15845
15845
15845
15861
15862
15863
15870
15878
15880
15881
15898
15898
15900
15907
15918
15919
15944
15953
15961
15962
15970
15972
15996
16005
16032
16066
16067
16067
16106
16118
16125
16149
16151
16160
16164
16169
16173
16177
16184
16189
16192
16195
16209
16243
16251
16252
16254
16259
16267
16268
16290
16292
16292
16293
16305
16318
16321
16335
16335
16343
16348
16372
16377
16392
16392
16400
16426
16432
16436
16448
16463
16468
16469
16473
16485
16522
16532
16550
16555
16560
16561
16581
16588
16591
16597
16616
16634
16638
16650
16654
16655
16659
16663
16677
16679
16694
16699
16708
16715
16749
16763
16788
16794
16798
16804
16827
16829
16835
16840
16855
16858
16864
16870
16875
16876
16878
16879
16900
16911
16915
16928
16946
16950
16952
16970
16971
16976
17000
17005
17009
17014
17015
17028
17029
17030
17033
17040
17046
17050
17062
17077
17078
17079
17085
17088
17089
17095
17102
17104
17107
17111
17111
17113
17114
17132
17140
17140
17140
17153
17160
17165
17165
17167
17175
17179
17186
17191
17193
17198
17202
17204
17211
17219
17241
17246
17259
17265
17275
17278
17281
17290
17294
17296
17331
17339
17341
17346
17347
17352
17363
17378
17378
17395
17403
17404
17421
17421
17427
17434
17437
17440
17441
17451
17464
17467
17475
17475
17480
17486
17487
17494
17495
17531
17532
17537
17539
17541
17551
17567
17568
17576
17584
17586
17592
17592
17600
17603
17607
17615
17620
17621
17625
17634
17635
17638
17647
17658
17670
17671
17683
17685
17686
17695
17696
17697
17705
17708
17727
17733
17764
17781
17785
17787
17796
17799
17800
17822
17824
17826
17832
17836
17839
17847
17847
17856
17856
17890
17892
17897
17898
17900
17911
17913
17914
17930
17944
17945
17947
17971
17999
18002
18016
18019
18025
18029
18046
18054
18054
18058
18070
18094
18101
18112
18125
18134
18137
18154
18162
18183
18188
18224
18226
18232
18236
18238
18247
18247
18286
18286
18287
18294
18312
18313
18318
18327
18339
18340
18343
18359
18370
18378
18389
18393
18403
18405
18406
18417
18418
18427
18427
18429
18429
18436
18441
18451
18453
18469
18474
18480
18486
18489
18491
18492
18501
18505
18505
18511
18516
18530
18543
18546
18549
18553
18553
18577
18586
18606
18607
18629
18633
18647
18647
18649
18654
18659
18664
18678
18683
18683
18700
18701
18719
18724
18754
18758
18765
18768
18769
18772
18774
18790
18800
18811
18815
18818
18823
18829
18839
18840
18840
18843
18851
18852
18864
18877
18884
18884
18891
18896
18900
18912
18913
18920
18930
18937
18939
18939
18939
18951
18960
18967
18967
18981
18985
19002
19008
19015
19019
19031
19031
19033
19042
19043
19055
19063
19064
19072
19074
19076
19078
19086
19091
19108
19124
19128
19133
19137
19138
19146
19151
19151
19179
19182
19187
19194
19196
19200
19206
19212
19215
19223
19233
19233
19238
19253
19253
19263
19269
19270
19299
19302
19310
19311
19313
19314
19314
19315
19325
19327
19330
19334
19344
19360
19374
19387
19390
19406
19406
19409
19455
19479
19480
19493
19495
19498
19514
19521
19539
19542
19544
19562
19564
19565
19565
19570
19597
19598
19604
19610
19611
19613
19623
19625
19642
19653
19656
19664
19665
19667
19668
19672
19679
19685
19694
19699
19702
19704
19711
19715
19715
19717
19729
19737
19750
19753
19756
19758
19775
19782
19792
19812
19816
19828
19832
19839
19858
19859
19860
19871
19900
19901
19901
19909
19914
19918
19928
19933
19940
19945
19946
19947
19955
19962
19982
19995
19997
20044
20061
20072
20079
20092
20094
20102
20108
20148
20149
20152
20186
20207
20208
20212
20222
20226
20240
20256
20266
20267
20269
20270
20272
20282
20283
20288
20289
20293
20294
20295
20295
20309
20313
20322
20327
20330
20331
20335
20344
20346
20348
20357
20367
20371
20372
20379
20381
20392
20398
20398
20419
20421
20423
20441
20454
20460
20460
20479
20480
20521
20523
20540
20556
20556
20562
20576
20579
20587
20588
20603
20627
20630
20630
20636
20640
20653
20661
20662
20668
20685
20689
20690
20692
20700
20704
20731
20755
20760
20767
20783
20786
20790
20790
20798
20806
20807
20819
20827
20830
20859
20860
20869
20881
20890
20894
20898
20918
20925
20963
20980
20981
20989
20989
21000
21011
21024
21024
21029
21036
21041
21048
21057
21060
21064
21064
21076
21080
21095
21110
21118
21120
21123
21133
21136
21140
21142
21173
21190
21196
21200
21204
21209
21211
21232
21233
21237
21238
21250
21254
21258
21260
21262
21277
21286
21291
21295
21298
21311
21312
21313
21329
21331
21331
21332
21334
21335
21337
21339
21341
21347
21352
21358
21366
21376
21385
21390
21391
21403
21429
21440
21444
21462
21472
21482
21502
21504
21504
21505
21506
21507
21508
21517
21531
21532
21532
21533
21533
21534
21535
21541
21573
21577
21585
21585
21598
21606
21630
21632
21633
21645
21660
21673
21676
21686
21704
21706
21716
21722
21768
21775
21783
21783
21796
21803
21809
21839
21849
21853
21867
21875
21877
21882
21908
21909
21918
21926
21927
21927
21927
21935
21936
21939
21939
21939
21944
21951
21958
21964
21964
21975
21975
21976
21980
21980
22002
22010
22019
22028
22030
22033
22035
22036
22037
22039
22041
22047
22051
22063
22069
22078
22078
22080
22085
22095
22105
22105
22124
22125
22128
22143
22145
22147
22150
22151
22156
22163
22165
22181
22183
22186
22188
22194
22216
22221
22235
22240
22249
22272
22284
22288
22298
22299
22313
22314
22322
22337
22338
22340
22342
22355
22355
22358
22372
22373
22399
22399
22401
22433
22443
22445
22451
22463
22473
22477
22484
22488
22498
22508
22509
22520
22522
22525
22532
22535
22551
22553
22553
22555
22559
22559
22561
22565
22572
22582
22584
22619
22634
22640
22649
22652
22652
22659
22677
22679
22698
22700
22720
22734
22734
22735
22785
22816
22838
22839
22844
22867
22869
22878
22879
22888
22889
22889
22890
22891
22893
22897
22900
22903
22907
22939
22942
22949
22963
22977
22985
23008
23016
23022
23031
23032
23035
23039
23044
23063
23067
23079
23082
23086
23088
23097
23099
23105
23117
23127
23129
23144
23146
23149
23152
23158
23174
23182
23206
23212
23225
23227
23242
23258
23266
23271
23272
23273
23273
23278
23281
23281
23293
23322
23325
23329
23330
23330
23344
23352
23371
23399
23403
23405
23421
23422
23430
23449
23457
23462
23465
23466
23466
23468
23482
23488
23499
23516
23524
23528
23532
23538
23558
23562
23565
23573
23597
23601
23603
23609
23630
23632
23638
23643
23645
23646
23646
23654
23664
23672
23677
23682
23684
23685
23721
23731
23737
23739
23750
23777
23791
23799
23802
23803
23812
23819
23820
23832
23837
23842
23842
23885
23886
23887
23890
23901
23905
23906
23929
23945
23960
23985
23998
24001
24007
24014
24025
24032
24046
24050
24055
24064
24064
24073
24074
24077
24078
24093
24105
24109
24110
24127
24136
24146
24162
24174
24183
24189
24198
24216
24223
24238
24240
24261
24268
24271
24282
24285
24296
24309
24311
24317
24326
24329
24334
24338
24339
24342
24348
24352
24359
24369
24378
24380
24405
24417
24418
24431
24436
24438
24439
24443
24459
24462
24467
24472
24474
24505
24505
24514
24515
24517
24518
24524
24526
24528
24543
24544
24550
24564
24567
24567
24574
24580
24582
24584
24585
24587
24602
24605
24610
24619
24627
24634
24637
24637
24661
24668
24668
24673
24675
24687
24689
24697
24713
24713
24738
24741
24741
24745
24760
24765
24772
24777
24784
24804
24812
24816
24821
24834
24841
24847
24850
24856
24857
24866
24867
24870
24880
24885
24898
24908
24908
24921
24923
24924
24931
24936
24940
24950
24955
24968
24985
24994
24998
25003
25008
25011
25011
25012
25019
25039
25047
25063
25077
25083
25083
25087
25100
25101
25124
25125
25127
25129
25131
25140
25146
25147
25149
25155
25184
25198
25200
25202
25224
25229
25302
25309
25314
25328
25328
25331
25332
25349
25368
25370
25380
25381
25386
25394
25412
25420
25429
25440
25445
25446
25453
25457
25458
25480
25484
25485
25488
25505
25506
25535
25539
25539
25541
25541
25573
25576
25576
25579
25579
25593
25600
25600
25614
25623
25628
25634
25652
25658
25662
25670
25678
25686
25693
25694
25699
25704
25705
25706
25717
25728
25732
25737
25744
25756
25758
25777
25783
25784
25798
25800
25816
25862
25862
25865
25869
25880
25892
25894
25903
25908
25910
25914
25933
25937
25939
25947
25948
25950
25960
25961
25963
25978
25986
25987
25994
25998
26002
26006
26022
26031
26033
26033
26051
26065
26073
26085
26097
26098
26098
26118
26120
26134
26134
26143
26144
26161
26169
26176
26180
26191
26215
26215
26217
26223
26226
26230
26270
26277
26284
26286
26289
26289
26302
26308
26310
26338
26344
26352
26357
26361
26365
26368
26373
26377
26378
26388
26389
26389
26408
26409
26422
26424
26429
26431
26432
26437
26448
26448
26449
26450
26461
26470
26486
26494
26496
26498
26504
26504
26508
26520
26520
26545
26546
26548
26550
26561
26572
26572
26574
26581
26581
26587
26592
26602
26605
26608
26608
26610
26615
26622
26652
26665
26669
26691
26694
26698
26701
26703
26705
26707
26709
26759
26760
26777
26789
26790
26796
26798
26816
26820
26823
26834
26834
26841
26851
26882
26891
26906
26908
26923
26927
26931
26956
26962
26963
26968
26969
26978
26979
26985
26986
26988
26990
27009
27025
27027
27028
27032
27037
27059
27093
27095
27102
27103
27106
27111
27116
27117
27131
27131
27133
27139
27139
27142
27145
27147
27154
27162
27170
27170
27180
27183
27202
27205
27219
27222
27222
27224
27233
27246
27252
27260
27273
27274
27276
27280
27280
27280
27286
27294
27295
27296
27297
27309
27322
27325
27349
27354
27357
27361
27364
27368
27379
27380
27388
27393
27395
27397
27405
27413
27420
27422
27423
27433
27435
27436
27443
27465
27470
27471
27472
27477
27499
27502
27502
27507
27516
27523
27544
27547
27549
27550
27553
27555
27566
27574
27580
27593
27602
27607
27612
27616
27623
27637
27637
27648
27660
27676
27688
27689
27702
27711
27712
27721
27738
27752
27752
27753
27761
27772
27773
27776
27784
27798
27800
27805
27814
27829
27848
27848
27878
27879
27886
27893
27908
27909
27925
27925
27932
27934
27934
27937
27941
27942
27952
27958
27967
27975
28007
28015
28028
28043
28043
28043
28054
28058
28074
28077
28083
28097
28108
28126
28133
28138
28140
28150
28152
28159
28172
28188
28189
28200
28200
28209
28220
28221
28226
28228
28249
28250
28256
28257
28258
28264
28275
28276
28279
28285
28298
28317
28324
28329
28329
28334
28335
28354
28384
28391
28405
28417
28424
28433
28442
28443
28450
28460
28469
28470
28472
28481
28483
28490
28494
28497
28510
28517
28529
28538
28540
28542
28543
28551
28553
28556
28571
28583
28585
28587
28587
28588
28594
28598
28607
28608
28610
28611
28613
28621
28627
28651
28652
28657
28668
28677
28683
28687
28692
28709
28712
28713
28715
28716
28717
28728
28734
28734
28736
28747
28759
28763
28767
28768
28775
28781
28781
28787
28789
28798
28800
28807
28811
28827
28827
28828
28830
28836
28844
28846
28858
28863
28884
28892
28907
28934
28946
28949
28955
28965
28967
28969
28973
28975
28982
28986
28989
28996
29005
29005
29006
29013
29024
29030
29037
29045
29065
29065
29073
29084
29088
29091
29092
29098
29103
29108
29109
29126
29129
29135
29149
29166
29169
29173
29174
29181
29186
29192
29210
29224
29245
29246
29251
29256
29259
29275
29279
29306
29307
29313
29314
29317
29322
29336
29353
29363
29376
29376
29380
29383
29392
29393
29395
29401
29416
29420
29433
29441
29451
29464
29473
29477
29482
29495
29513
29532
29535
29539
29539
29558
29563
29565
29579
29588
29596
29605
29610
29620
29628
29635
29641
29642
29653
29658
29665
29686
29689
29689
29707
29708
29716
29716
29746
29755
29756
29761
29769
29793
29809
29810
29824
29839
29854
29857
29861
29864
29882
29888
29890
29893
29918
29921
29928
29928
29934
29949
29980
29991
30002
30015
30017
30024
30035
30036
30054
30071
30079
30082
30094
30127
30136
30138
30145
30146
30146
30162
30164
30174
30174
30181
30187
30191
30192
30205
30205
30210
30210
30222
30225
30227
30239
30242
30242
30258
30260
30268
30274
30279
30280
30282
30299
30307
30308
30309
30317
30323
30324
30331
30356
30357
30368
30370
30386
30386
30392
30417
30455
30462
30464
30465
30472
30478
30479
30497
30501
30506
30506
30512
30519
30521
30549
30549
30550
30551
30553
30582
30594
30600
30617
30617
30618
30632
30633
30639
30647
30665
30673
30677
30680
30690
30692
30696
30698
30699
30702
30702
30708
30708
30708
30710
30726
30740
30760
30767
30771
30774
30783
30785
30794
30798
30814
30815
30823
30824
30825
30831
30832
30840
30842
30856
30876
30883
30884
30922
30924
30928
30929
30931
30931
30941
30953
30957
30968
30996
31006
31021
31022
31026
31029
31042
31054
31054
31055
31063
31081
31102
31103
31119
31137
31143
31143
31164
31174
31192
31194
31201
31202
31210
31211
31212
31215
31221
31235
31235
31239
31256
31277
31281
31292
31300
31300
31315
31324
31333
31343
31343
31347
31348
31350
31356
31365
31367
31369
31374
31376
31376
31388
31401
31401
31405
31411
31412
31419
31448
31454
31455
31456
31468
31473
31474
31477
31480
31480
31486
31486
31491
31494
31497
31502
31523
31524
31525
31531
31537
31545
31546
31546
31550
31564
31565
31566
31570
31571
31571
31572
31576
31586
31594
31609
31642
31670
31671
31677
31682
31691
31696
31702
31706
31714
31718
31762
31766
31796
31796
31801
31802
31808
31820
31835
31851
31851
31853
31855
31862
31863
31872
31873
31879
31881
31888
31893
31894
31899
31900
31905
31906
31911
31916
31918
31926
31928
31952
31970
31974
31986
31988
31997
32006
32010
32012
32020
32028
32030
32039
32039
32047
32058
32067
32088
32099
32116
32144
32155
32159
32167
32174
32181
32196
32197
32199
32202
32203
32224
32231
32234
32235
32243
32247
32273
32310
32313
32319
32320
32329
32332
32333
32336
32345
32346
32353
32359
32362
32381
32383
32384
32392
32420
32434
32439
32457
32466
32478
32479
32481
32482
32490
32517
32520
32520
32523
32537
32537
32549
32561
32569
32577
32581
32614
32620
32620
32621
32630
32630
32636
32666
32670
32670
32678
32678
32680
32692
32708
32710
32717
32724
32726
32728
32729
32739
32742
32747
32749
32753
32776
32788
32798
32809
32826
32829
32829
32841
32842
32846
32847
32860
32870
32874
32877
32878
32879
32885
32919
32925
32930
32942
32950
32951
32953
32954
32959
32964
32966
32974
32977
32979
33005
33005
33011
33020
33022
33032
33039
33044
33046
33049
33063
33069
33081
33087
33093
33106
33107
33107
33108
33114
33130
33131
33133
33133
33150
33163
33166
33167
33169
33179
33203
33208
33209
33218
33221
33222
33228
33240
33246
33255
33256
33260
33261
33261
33267
33268
33271
33283
33287
33292
33292
33295
33297
33298
33299
33302
33321
33323
33324
33334
33351
33386
33389
33392
33399
33400
33401
33404
33406
33407
33408
33408
33427
33431
33432
33432
33443
33451
33455
33455
33458
33468
33485
33497
33498
33499
33521
33522
33532
33535
33537
33539
33543
33543
33543
33547
33551
33556
33562
33580
33581
33587
33589
33598
33602
33613
33630
33635
33656
33667
33681
33697
33697
33701
33708
33739
33743
33748
33754
33768
33798
33800
33802
33823
33837
33841
33845
33855
33862
33865
33871
33871
33873
33882
33886
33892
33899
33903
33910
33911
33913
33927
33934
33938
33940
33941
33946
33949
33973
33996
34004
34005
34007
34011
34018
34043
34055
34067
34083
34096
34105
34107
34109
34121
34133
34137
34162
34166
34178
34195
34196
34198
34216
34228
34230
34234
34242
34245
34273
34275
34286
34293
34298
34298
34335
34347
34347
34378
34379
34391
34397
34401
34406
34406
34411
34411
34427
34463
34466
34483
34488
34488
34489
34492
34497
34501
34522
34524
34530
34538
34540
34556
34563
34575
34578
34601
34627
34629
34631
34632
34640
34650
34660
34679
34696
34699
34701
34733
34733
34749
34761
34765
34768
34787
34792
34805
34809
34820
34826
34829
34837
34844
34844
34844
34861
34871
34885
34896
34899
34926
34955
34976
34980
34987
34988
34991
35005
35011
35041
35044
35047
35059
35069
35076
35080
35085
35089
35098
35108
35109
35113
35117
35122
35124
35140
35150
35156
35159
35168
35169
35170
35176
35177
35183
35184
35196
35199
35202
35205
35214
35221
35231
35235
35237
35250
35250
35255
35264
35281
35288
35293
35297
35304
35311
35312
35323
35331
35333
35358
35358
35364
35365
35366
35369
35387
35391
35399
35400
35400
35402
35408
35422
35429
35434
35438
35456
35462
35473
35480
35482
35488
35495
35496
35499
35505
35520
35526
35557
35557
35563
35564
35568
35572
35574
35581
35587
35588
35593
35595
35596
35596
35609
35609
35629
35629
35638
35644
35647
35653
35655
35674
35675
35681
35683
35693
35696
35697
35714
35714
35718
35732
35742
35753
35757
35761
35768
35781
35784
35794
35806
35811
35817
35827
35833
35836
35851
35855
35861
35890
35895
35901
35907
35911
35913
35924
35931
35933
35950
35955
35959
35960
35967
35973
35975
35978
35978
35993
36001
36002
36005
36012
36015
36016
36020
36035
36040
36067
36073
36076
36081
36081
36090
36095
36096
36101
36116
36120
36121
36129
36132
36144
36146
36149
36153
36166
36172
36181
36185
36208
36208
36229
36238
36257
36264
36276
36278
36283
36284
36286
36298
36300
36302
36302
36310
36311
36314
36317
36323
36329
36330
36344
36347
36348
36350
36356
36380
36387
36406
36417
36417
36423
36424
36441
36456
36470
36478
36486
36512
36515
36516
36521
36551
36551
36552
36558
36564
36569
36572
36576
36586
36587
36587
36596
36596
36607
36607
36639
36650
36674
36678
36681
36684
36685
36694
36695
36719
36725
36727
36758
36764
36772
36777
36787
36811
36824
36835
36845
36846
36846
36858
36861
36865
36873
36882
36886
36887
36897
36897
36902
36902
36918
36949
36951
36981
36988
37009
37024
37028
37029
37043
37047
37054
37060
37070
37072
37073
37074
37091
37096
37107
37131
37132
37135
37137
37137
37143
37144
37146
37148
37158
37185
37187
37199
37200
37208
37226
37257
37274
37282
37292
37295
37299
37306
37333
37338
37342
37345
37364
37371
37374
37393
37393
37394
37409
37414
37414
37414
37422
37422
37428
37439
37452
37454
37459
37474
37479
37491
37500
37502
37502
37510
37521
37525
37527
37530
37534
37536
37545
37553
37559
37571
37571
37608
37614
37623
37627
37627
37637
37649
37649
37654
37656
37661
37668
37669
37672
37677
37677
37698
37703
37709
37722
37730
37736
37736
37747
37747
37748
37756
37762
37763
37791
37797
37801
37822
37823
37826
37829
37833
37833
37837
37843
37844
37845
37855
37859
37873
37878
37880
37880
37899
37907
37909
37922
37930
37933
37938
37946
37966
37968
37970
37980
37981
38001
38008
38015
38024
38040
38073
38076
38077
38078
38083
38096
38115
38118
38131
38137
38142
38142
38146
38148
38154
38154
38159
38161
38167
38176
38182
38209
38214
38222
38225
38234
38249
38250
38262
38278
38323
38324
38326
38351
38353
38353
38356
38360
38363
38364
38364
38374
38375
38378
38389
38391
38398
38402
38403
38407
38412
38414
38433
38442
38452
38452
38453
38476
38486
38486
38489
38489
38495
38498
38503
38506
38521
38523
38525
38531
38536
38538
38542
38543
38569
38571
38579
38586
38586
38588
38594
38600
38611
38615
38625
38640
38644
38646
38656
38662
38663
38670
38671
38676
38677
38678
38684
38685
38690
38691
38700
38706
38721
38725
38730
38733
38750
38755
38762
38775
38778
38788
38790
38799
38807
38807
38809
38812
38817
38817
38826
38830
38831
38832
38836
38838
38842
38845
38865
38870
38902
38904
38905
38906
38916
38919
38921
38923
38925
38929
38932
38943
38955
38971
38972
38973
38978
38982
38989
38997
39001
39002
39004
39007
39038
39044
39046
39058
39075
39078
39082
39083
39109
39121
39121
39132
39133
39143
39148
39156
39165
39177
39185
39210
39217
39228
39231
39233
39240
39245
39267
39269
39270
39286
39295
39298
39303
39305
39312
39319
39332
39351
39354
39355
39371
39384
39387
39389
39390
39392
39396
39419
39421
39429
39433
39441
39442
39451
39452
39456
39464
39464
39465
39491
39495
39500
39508
39512
39517
39517
39531
39541
39551
39551
39552
39556
39578
39580
39599
39603
39609
39614
39615
39623
39641
39655
39656
39666
39674
39676
39681
39682
39688
39715
39722
39737
39739
39753
39755
39762
39767
39775
39791
39797
39822
39835
39842
39856
39867
39870
39877
39880
39883
39911
39913
39924
39925
39928
39952
39953
39963
39964
39986
39997
40011
40012
40015
40018
40020
40021
40048
40048
40061
40065
40067
40075
40076
40078
40080
40084
40091
40109
40110
40112
40112
40124
40132
40137
40156
40161
40163
40165
40175
40176
40180
40182
40186
40197
40208
40211
40213
40215
40228
40232
40233
40246
40249
40252
40261
40265
40265
40268
40280
40284
40291
40293
40298
40302
40356
40364
40366
40368
40369
40376
40378
40383
40413
40420
40422
40422
40441
40446
40450
40454
40458
40460
40474
40480
40484
40508
40511
40513
40519
40521
40524
40533
40538
40549
40555
40562
40581
40599
40600
40617
40648
40656
40669
40678
40681
40700
40709
40709
40712
40713
40723
40747
40749
40758
40761
40782
40782
40808
40810
40819
40829
40836
40842
40855
40859
40862
40865
40866
40870
40887
40887
40890
40892
40892
40893
40897
40905
40911
40934
40938
40938
40949
40969
40974
40981
40983
40985
40992
40995
41000
41011
41023
41028
41031
41034
41038
41041
41045
41047
41080
41089
41099
41117
41119
41132
41154
41160
41161
41170
41183
41188
41199
41207
41210
41213
41214
41216
41222
41237
41243
41249
41250
41251
41253
41256
41263
41265
41271
41272
41277
41290
41299
41314
41316
41330
41334
41380
41389
41389
41409
41427
41433
41433
41439
41440
41442
41451
41465
41478
41485
41486
41490
41491
41502
41510
41511
41516
41526
41527
41530
41532
41541
41544
41544
41548
41557
41563
41571
41576
41586
41586
41587
41591
41591
41594
41598
41602
41607
41613
41623
41625
41626
41638
41656
41664
41682
41682
41685
41687
41693
41693
41708
41719
41719
41725
41732
41739
41744
41747
41747
41759
41759
41769
41819
41820
41829
41835
41839
41845
41848
41848
41867
41874
41876
41883
41892
41902
41903
41904
41905
41922
41925
41931
41933
41941
41946
41956
41956
41972
41981
41985
42001
42001
42007
42009
42010
42017
42037
42042
42045
42051
42064
42072
42085
42086
42095
42095
42098
42101
42103
42105
42145
42146
42161
42165
42168
42196
42202
42230
42245
42248
42259
42260
42261
42262
42266
42281
42282
42294
42304
42316
42317
42319
42323
42341
42345
42348
42352
42411
42424
42438
42444
42445
42454
42454
42461
42462
42463
42464
42480
42483
42485
42496
42498
42499
42512
42524
42529
42535
42542
42545
42558
42560
42564
42567
42571
42582
42586
42586
42591
42600
42601
42601
42606
42609
42614
42617
42623
42625
42632
42651
42653
42665
42672
42695
42702
42706
42719
42719
42720
42729
42734
42735
42761
42768
42768
42770
42772
42778
42793
42796
42801
42802
42811
42852
42854
42855
42860
42870
42871
42888
42890
42903
42910
42920
42921
42921
42931
42934
42949
42954
42955
42958
42977
42980
42982
42988
42993
42999
43018
43027
43031
43040
43052
43054
43061
43071
43084
43096
43120
43130
43137
43142
43158
43164
43165
43177
43180
43183
43184
43185
43186
43196
43196
43206
43209
43212
43215
43223
43236
43257
43267
43278
43284
43288
43290
43298
43308
43315
43317
43317
43327
43346
43365
43379
43381
43384
43393
43401
43421
43421
43423
43448
43453
43463
43495
43495
43497
43517
43524
43535
43559
43572
43584
43590
43595
43597
43608
43614
43626
43632
43638
43640
43641
43646
43651
43651
43658
43668
43681
43682
43708
43711
43713
43725
43731
43732
43733
43736
43739
43745
43745
43759
43761
43767
43778
43787
43794
43799
43805
43814
43814
43818
43825
43826
43826
43828
43828
43830
43842
43854
43856
43859
43869
43886
43887
43901
43911
43919
43922
43922
43931
43933
43933
43934
43948
43949
43964
43980
43985
44017
44022
44037
44048
44050
44061
44078
44084
44099
44102
44104
44109
44112
44126
44128
44129
44137
44137
44148
44157
44159
44176
44198
44200
44202
44206
44207
44241
44249
44254
44260
44262
44269
44270
44276
44280
44286
44287
44298
44306
44314
44322
44348
44350
44389
44392
44407
44409
44412
44418
44421
44440
44445
44471
44481
44500
44518
44521
44522
44537
44537
44542
44550
44555
44564
44573
44575
44583
44595
44599
44604
44607
44610
44628
44641
44646
44662
44667
44676
44689
44714
44751
44756
44759
44760
44763
44765
44777
44796
44800
44810
44811
44816
44830
44833
44850
44865
44872
44874
44882
44882
44885
44906
44907
44907
44920
44928
44942
44953
44955
44959
44959
44959
44966
44982
44992
44994
44994
45007
45010
45031
45031
45032
45038
45044
45046
45049
45050
45060
45070
45077
45086
45087
45099
45110
45114
45127
45148
45165
45171
45175
45186
45208
45215
45215
45217
45218
45229
45254
45257
45262
45268
45270
45273
45279
45279
45283
45288
45295
45296
45296
45297
45311
45314
45320
45326
45333
45341
45345
45375
45387
45405
45416
45434
45435
45444
45461
45463
45465
45481
45485
45491
45494
45506
45514
45519
45528
45530
45534
45569
45574
45584
45585
45595
45597
45603
45603
45608
45640
45643
45658
45663
45679
45682
45705
45714
45716
45730
45753
45788
45790
45791
45797
45801
45804
45805
45806
45808
45810
45818
45822
45824
45831
45834
45848
45850
45874
45890
45891
45901
45910
45917
45927
45933
45934
45935
45942
45951
45953
45955
45956
45966
45988
45988
45995
46000
46010
46055
46062
46063
46073
46103
46118
46123
46135
46136
46138
46145
46157
46167
46173
46179
46201
46204
46226
46241
46252
46252
46256
46261
46262
46280
46311
46311
46323
46325
46333
46341
46359
46363
46364
46369
46370
46387
46400
46400
46409
46416
46430
46437
46441
46442
46445
46448
46470
46472
46476
46477
46491
46494
46500
46501
46508
46517
46518
46526
46530
46566
46590
46618
46619
46621
46621
46622
46633
46647
46649
46657
46666
46670
46672
46697
46706
46707
46710
46715
46720
46731
46732
46736
46742
46743
46745
46746
46759
46766
46771
46775
46784
46784
46794
46804
46810
46827
46837
46840
46876
46889
46902
46902
46922
46931
46931
46935
46948
46949
46951
46952
46956
46962
46966
46969
46971
46974
46984
46995
46996
47012
47014
47014
47019
47024
47026
47027
47030
47040
47052
47067
47076
47092
47101
47104
47122
47123
47130
47137
47140
47154
47157
47164
47167
47170
47174
47181
47195
47200
47212
47229
47233
47237
47244
47247
47250
47268
47269
47278
47282
47285
47285
47286
47293
47294
47299
47300
47301
47323
47329
47329
47333
47346
47350
47354
47354
47356
47357
47362
47374
47393
47399
47405
47406
47406
47417
47421
47448
47461
47463
47469
47473
47479
47484
47488
47492
47493
47498
47519
47521
47521
47535
47539
47543
47552
47563
47563
47563
47564
47571
47579
47580
47587
47604
47650
47660
47660
47661
47661
47673
47677
47708
47730
47739
47745
47746
47759
47764
47779
47786
47804
47808
47809
47811
47812
47815
47821
47821
47824
47864
47867
47872
47890
47899
47900
47904
47905
47912
47926
47927
47929
47941
47954
47966
47966
47968
47992
48002
48004
48020
48028
48036
48037
48041
48043
48054
48054
48056
48088
48090
48102
48110
48113
48117
48126
48128
48130
48133
48152
48155
48155
48159
48166
48169
48192
48198
48200
48204
48214
48234
48234
48249
48252
48274
48278
48317
48319
48323
48324
48334
48370
48371
48394
48404
48409
48421
48422
48449
48452
48467
48469
48469
48471
48473
48479
48486
48490
48494
48501
48506
48517
48518
48525
48528
48551
48562
48575
48583
48584
48591
48592
48597
48617
48620
48634
48654
48659
48674
48681
48681
48683
48688
48692
48700
48709
48709
48726
48731
48734
48738
48740
48744
48767
48771
48777
48783
48805
48817
48818
48827
48833
48843
48847
48856
48866
48867
48872
48876
48878
48886
48893
48893
48915
48919
48922
48924
48938
48944
48963
48967
48969
48970
48976
48995
49007
49012
49012
49014
49016
49019
49036
49039
49044
49047
49074
49079
49080
49105
49124
49133
49138
49142
49145
49146
49162
49170
49185
49186
49190
49192
49194
49219
49226
49229
49229
49231
49244
49253
49262
49269
49270
49271
49276
49279
49279
49280
49283
49289
49300
49302
49306
49323
49332
49339
49351
49351
49359
49363
49366
49385
49387
49389
49401
49403
49403
49411
49417
49418
49419
49426
49451
49458
49468
49507
49514
49518
49530
49550
49570
49583
49584
49585
49593
49593
49608
49609
49614
49637
49659
49671
49685
49704
49709
49733
49735
49748
49749
49752
49753
49760
49794
49805
49813
49816
49819
49821
49823
49825
49826
49826
49845
49870
49886
49902
49904
49916
49918
49920
49930
49931
49939
49941
49956
49959
49963
49964
49967
49974
49977
49977
49983
49989
49996
50006
50012
50044
50052
50053
50059
50060
50062
50086
50088
50090
50096
50113
50113
50126
50130
50138
50147
50157
50165
50167
50179
50186
50188
50190
50190
50193
50199
50204
50210
50221
50222
50223
50231
50233
50235
50236
50237
50242
50248
50255
50258
50267
50269
50282
50312
50314
50318
50338
50343
50343
50348
50353
50362
50363
50364
50365
50368
50372
50373
50377
50391
50395
50401
50417
50429
50437
50438
50452
50456
50462
50469
50480
50483
50498
50508
50549
50553
50565
50576
50587
50588
50594
50595
50615
50616
50617
50626
50627
50631
50644
50645
50654
50665
50677
50684
50687
50688
50694
50696
50703
50713
50716
50728
50731
50740
50741
50743
50747
50752
50759
50777
50797
50807
50809
50815
50816
50824
50838
50858
50860
50863
50877
50879
50882
50886
50893
50900
50910
50918
50922
50924
50934
50937
50942
50950
50954
50965
50966
50982
51002
51008
51029
51033
51034
51040
51043
51057
51057
51062
51066
51067
51101
51109
51115
51121
51122
51126
51133
51133
51158
51178
51179
51193
51198
51241
51241
51241
51246
51251
51257
51278
51292
51292
51299
51302
51310
51316
51319
51358
51363
51384
51388
51397
51410
51419
51424
51427
51432
51460
51466
51478
51480
51481
51503
51508
51510
51510
51523
51531
51536
51542
51548
51565
51574
51587
51590
51591
51594
51599
51600
51603
51626
51640
51640
51646
51648
51650
51667
51677
51683
51686
51687
51705
51708
51725
51735
51739
51742
51742
51742
51752
51764
51769
51773
51775
51777
51779
51780
51780
51789
51791
51800
51804
51817
51819
51823
51826
51833
51842
51851
51866
51875
51882
51889
51894
51895
51897
51908
51915
51915
51927
51929
51941
51943
51944
51968
51971
51973
51973
51975
51991
51994
52001
52003
52007
52009
52018
52022
52040
52052
52054
52088
52089
52098
52101
52109
52112
52125
52132
52134
52148
52161
52171
52172
52189
52191
52214
52233
52244
52248
52254
52261
52264
52303
52312
52331
52342
52344
52345
52350
52351
52357
52357
52361
52381
52386
52387
52393
52397
52399
52402
52403
52407
52409
52419
52424
52439
52443
52445
52454
52474
52477
52478
52483
52497
52498
52507
52516
52532
52533
52545
52549
52550
52554
52556
52595
52598
52599
52611
52622
52634
52648
52664
52668
52704
52706
52720
52721
52721
52725
52732
52735
52738
52761
52772
52774
52776
52776
52783
52799
52801
52811
52822
52828
52831
52833
52834
52841
52842
52846
52846
52849
52861
52869
52880
52882
52907
52916
52923
52923
52926
52954
52981
52986
52988
52992
52996
53013
53015
53015
53027
53037
53039
53060
53064
53071
53074
53075
53085
53088
53097
53117
53119
53121
53123
53138
53138
53141
53168
53181
53182
53184
53184
53187
53195
53201
53209
53219
53219
53223
53226
53228
53233
53238
53239
53249
53257
53262
53268
53272
53272
53302
53315
53315
53319
53320
53347
53349
53349
53352
53357
53362
53373
53387
53389
53391
53395
53401
53406
53424
53439
53458
53467
53481
53483
53486
53503
53506
53512
53519
53541
53554
53560
53561
53587
53588
53601
53602
53622
53641
53650
53655
53656
53659
53665
53668
53672
53674
53675
53679
53686
53704
53716
53724
53727
53728
53751
53756
53760
53763
53799
53808
53810
53818
53824
53829
53829
53846
53847
53864
53872
53875
53882
53882
53885
53893
53894
53904
53905
53908
53910
53917
53922
53929
53929
53930
53931
53933
53939
53944
53959
53961
53964
53967
53969
53975
53982
53982
53986
54028
54031
54038
54038
54061
54064
54066
54083
54085
54091
54091
54098
54103
54116
54121
54124
54150
54151
54164
54167
54178
54180
54190
54190
54195
54208
54210
54210
54228
54236
54242
54244
54247
54250
54256
54258
54264
54268
54271
54271
54272
54287
54295
54297
54299
54319
54326
54347
54351
54353
54355
54355
54359
54359
54364
54365
54368
54383
54385
54385
54391
54394
54396
54398
54400
54408
54408
54409
54411
54414
54440
54442
54444
54451
54464
54465
54487
54499
54509
54526
54536
54548
54565
54576
54588
54594
54598
54615
54618
54622
54628
54641
54653
54654
54657
54667
54669
54669
54690
54695
54703
54706
54709
54727
54742
54745
54749
54767
54778
54779
54781
54784
54792
54813
54821
54837
54841
54842
54850
54853
54857
54860
54863
54873
54887
54899
54914
54916
54940
54944
54945
54947
54948
54949
54949
54949
54967
54988
55021
55029
55057
55057
55058
55066
55082
55094
55095
55102
55105
55105
55110
55127
55131
55139
55142
55143
55155
55160
55162
55166
55190
55193
55203
55208
55212
55214
55214
55216
55222
55223
55226
55235
55261
55263
55270
55271
55271
55287
55290
55293
55294
55300
55309
55320
55322
55326
55327
55333
55336
55338
55341
55347
55356
55357
55363
55364
55372
55385
55403
55408
55409
55410
55418
55423
55447
55451
55459
55472
55476
55489
55493
55504
55506
55516
55519
55519
55535
55540
55541
55544
55547
55557
55568
55573
55574
55612
55626
55627
55654
55656
55659
55661
55662
55667
55691
55702
55713
55728
55741
55742
55746
55753
55768
55784
55786
55789
55824
55837
55839
55839
55841
55847
55855
55887
55899
55902
55915
55919
55921
55925
55944
55950
55967
55982
56000
56002
56006
56013
56022
56022
56041
56042
56047
56051
56057
56065
56070
56074
56078
56108
56114
56120
56131
56168
56175
56180
56185
56191
56201
56201
56209
56213
56214
56232
56240
56242
56242
56242
56242
56247
56265
56267
56280
56284
56297
56308
56325
56358
56360
56360
56374
56394
56396
56407
56408
56409
56431
56431
56432
56452
56459
56462
56465
56467
56489
56491
56496
56502
56511
56515
56532
56537
56537
56538
56539
56569
56571
56584
56590
56590
56626
56630
56632
56642
56652
56677
56678
56678
56679
56687
56695
56708
56708
56726
56726
56727
56741
56757
56766
56766
56772
56773
56773
56777
56781
56794
56804
56816
56820
56821
56825
56830
56831
56834
56844
56846
56846
56853
56862
56864
56867
56871
56872
56877
56885
56897
56900
56903
56904
56906
56908
56917
56918
56930
56934
56938
56940
56951
56967
56976
56987
56988
56999
57011
57013
57025
57026
57027
57033
57036
57039
57046
57051
57052
57053
57065
57066
57070
57071
57074
57081
57084
57087
57118
57127
57145
57158
57160
57161
57163
57172
57173
57177
57183
57187
57200
57205
57209
57223
57232
57237
57243
57244
57250
57251
57253
57272
57273
57275
57275
57276
57283
57290
57292
57296
57297
57303
57313
57316
57318
57319
57325
57332
57349
57353
57354
57361
57364
57376
57377
57407
57412
57413
57413
57414
57415
57452
57463
57472
57500
57520
57521
57525
57531
57532
57532
57537
57539
57542
57553
57554
57569
57574
57592
57597
57636
57639
57649
57650
57659
57660
57668
57680
57686
57689
57691
57699
57701
57702
57709
57750
57752
57767
57773
57777
57782
57802
57826
57832
57832
57835
57837
57844
57845
57846
57848
57866
57872
57880
57882
57883
57883
57893
57909
57909
57916
57917
57922
57926
57926
57932
57949
57953
57957
57961
57962
57963
58003
58011
58016
58026
58039
58045
58045
58052
58055
58067
58067
58071
58076
58082
58091
58122
58124
58133
58158
58175
58179
58183
58189
58206
58206
58214
58216
58229
58248
58253
58256
58262
58275
58286
58291
58309
58312
58318
58324
58324
58329
58353
58357
58360
58365
58368
58368
58375
58377
58377
58379
58379
58388
58391
58395
58408
58418
58429
58437
58444
58450
58481
58485
58489
58493
58496
58505
58506
58507
58517
58529
58531
58552
58567
58567
58585
58591
58605
58611
58614
58628
58634
58639
58646
58647
58652
58655
58664
58674
58702
58703
58711
58714
58716
58727
58732
58732
58735
58741
58746
58749
58752
58757
58761
58771
58775
58777
58787
58794
58799
58810
58811
58838
58867
58869
58872
58876
58884
58892
58893
58893
58897
58907
58918
58925
58925
58941
58946
58950
58955
58957
58973
58976
58992
58993
59001
59007
59011
59020
59026
59041
59041
59043
59044
59048
59049
59053
59058
59062
59084
59099
59103
59114
59117
59122
59140
59148
59150
59152
59174
59176
59178
59183
59212
59214
59216
59217
59224
59232
59237
59248
59252
59255
59293
59307
59309
59309
59310
59317
59321
59328
59333
59335
59344
59373
59374
59376
59383
59385
59396
59399
59419
59436
59440
59442
59443
59455
59472
59522
59522
59526
59529
59539
59540
59544
59547
59548
59550
59570
59572
59573
59578
59591
59596
59597
59599
59602
59606
59613
59625
59628
59629
59629
59637
59647
59665
59667
59668
59674
59676
59689
59698
59711
59727
59730
59730
59753
59766
59779
59791
59800
59803
59811
59822
59823
59838
59841
59845
59856
59858
59859
59871
59884
59886
59886
59898
59899
59910
59926
59939
59966
59967
59976
59982
59994
60016
60017
60029
60047
60060
60072
60086
60100
60109
60129
60143
60149
60154
60161
60164
60172
60183
60190
60200
60223
60226
60228
60242
60254
60256
60286
60290
60314
60339
60342
60355
60360
60363
60367
60394
60397
60401
60406
60413
60415
60416
60424
60424
60437
60472
60477
60483
60490
60494
60518
60538
60545
60548
60554
60558
60569
60573
60578
60595
60597
60599
60618
60627
60654
60660
60662
60667
60672
60677
60683
60707
60708
60708
60711
60716
60723
60729
60730
60738
60756
60756
60760
60766
60786
60786
60789
60792
60799
60814
60817
60829
60850
60856
60861
60867
60883
60891
60902
60907
60908
60914
60921
60925
60936
60939
60941
60944
60964
60966
60970
60984
60992
60995
61001
61017
61026
61030
61037
61038
61049
61084
61093
61103
61107
61120
61129
61129
61137
61149
61149
61155
61184
61194
61196
61205
61205
61206
61212
61232
61233
61236
61252
61253
61258
61264
61267
61272
61272
61295
61301
61305
61322
61350
61351
61351
61358
61358
61377
61379
61392
61392
61393
61399
61404
61414
61428
61432
61441
61450
61467
61467
61468
61471
61489
61490
61498
61501
61525
61529
61536
61540
61553
61567
61585
61592
61605
61606
61608
61635
61655
61659
61660
61664
61669
61673
61679
61703
61709
61717
61726
61728
61729
61752
61752
61764
61765
61777
61780
61783
61784
61787
61806
61813
61814
61843
61845
61854
61862
61866
61868
61895
61899
61905
61942
61960
61961
61966
61992
61996
61997
62007
62008
62012
62019
62021
62022
62023
62026
62029
62031
62035
62035
62037
62046
62052
62067
62071
62080
62080
62083
62101
62102
62102
62114
62118
62123
62130
62131
62131
62132
62138
62145
62146
62153
62162
62170
62186
62190
62227
62229
62243
62250
62252
62255
62262
62262
62278
62286
62297
62297
62306
62317
62323
62324
62327
62340
62341
62353
62354
62357
62365
62384
62392
62401
62402
62402
62403
62414
62416
62425
62439
62442
62448
62455
62473
62474
62477
62485
62511
62512
62512
62525
62530
62531
62532
62543
62549
62556
62557
62558
62578
62580
62601
62615
62619
62632
62636
62636
62636
62645
62655
62671
62673
62674
62681
62684
62685
62695
62698
62701
62708
62710
62718
62722
62732
62748
62753
62760
62762
62786
62793
62801
62813
62822
62823
62830
62842
62843
62853
62857
62871
62872
62881
62886
62895
62899
62901
62906
62907
62925
62927
62943
62964
62976
62980
62991
63004
63009
63025
63027
63042
63078
63080
63083
63096
63097
63100
63131
63132
63137
63141
63144
63160
63174
63179
63183
63195
63196
63200
63201
63210
63221
63227
63232
63250
63260
63270
63276
63277
63277
63283
63286
63288
63309
63310
63315
63325
63334
63341
63347
63356
63358
63370
63383
63390
63399
63404
63407
63414
63416
63420
63422
63429
63431
63435
63436
63445
63448
63475
63477
63482
63488
63492
63507
63510
63514
63555
63563
63568
63570
63583
63584
63594
63627
63651
63656
63671
63671
63672
63677
63677
63678
63700
63702
63705
63711
63712
63718
63728
63732
63750
63754
63766
63767
63769
63803
63805
63819
63820
63829
63830
63834
63834
63836
63840
63853
63858
63871
63871
63879
63880
63884
63889
63907
63914
63916
63924
63926
63932
63942
63942
63968
63971
63974
63974
63980
63981
63989
63989
63991
64015
64022
64030
64033
64058
64073
64075
64087
64123
64125
64129
64133
64150
64155
64169
64173
64181
64182
64203
64211
64212
64227
64229
64237
64248
64274
64274
64280
64281
64294
64300
64301
64309
64312
64312
64318
64320
64333
64337
64343
64364
64370
64379
64379
64380
64389
64394
64396
64416
64421
64427
64433
64442
64453
64460
64486
64487
64495
64495
64502
64502
64506
64515
64527
64533
64542
64546
64556
64563
64569
64577
64588
64590
64599
64609
64620
64637
64647
64649
64667
64675
64677
64682
64683
64687
64697
64698
64701
64705
64705
64714
64730
64731
64732
64735
64737
64750
64760
64767
64768
64768
64773
64775
64777
64783
64784
64787
64799
64805
64810
64817
64822
64827
64834
64836
64836
64839
64847
64848
64857
64866
64878
64903
53135
64903
64908
64926
64929
64975
64977
64979
64982
64986
64993
64995
